Wavelength (μm), R (B), T (B), A (B), R (C), T (C), A (C)
18.000000, 0.059776, 0.637570,                     0.302654, 0.142732, 0.173660, 0.683608
15.690962, 0.055133, 0.565657,                     0.379210, 0.145832, 0.168071, 0.686097
13.906977, 0.174625, 0.330478,                     0.494897, 0.160571, 0.153022, 0.686407
12.487239, 0.167194, 0.528357,                     0.304448, 0.186433, 0.129321, 0.684246
11.330526, 0.040974, 0.821776,                     0.137251, 0.146381, 0.175946, 0.677674
10.369942, 0.030090, 0.660327,                     0.309582, 0.084813, 0.251474, 0.663712
9.559503, 0.118175, 0.421610,                     0.460215, 0.087729, 0.251414, 0.660857
8.866557, 0.128182, 0.544276,                     0.327543, 0.105701, 0.223795, 0.670504
8.267281, 0.068336, 0.736709,                     0.194954, 0.095143, 0.240174, 0.664683
7.743885, 0.042027, 0.739769,                     0.218204, 0.098236, 0.253459, 0.648304
7.282815, 0.047258, 0.729307,                     0.223435, 0.118347, 0.235324, 0.646328
6.873563, 0.043390, 0.796427,                     0.160183, 0.129182, 0.222172, 0.648645
6.507860, 0.033697, 0.864201,                     0.102102, 0.139484, 0.216235, 0.644281
6.179104, 0.025383, 0.937386,                     0.037232, 0.150917, 0.204407, 0.644675
5.881967, 0.014987, 1.010863,                     -0.025850, 0.155362, 0.198338, 0.646300
5.612096, 0.006478, 1.034953,                     -0.041431, 0.162461, 0.195954, 0.641586
5.365902, 0.002803, 1.038343,                     -0.041146, 0.172343, 0.187664, 0.639993
5.140401, 0.001456, 1.051525,                     -0.052981, 0.177976, 0.180731, 0.641293
4.933089, 0.001302, 1.047752,                     -0.049055, 0.185439, 0.175705, 0.638857
4.741850, 0.001985, 1.035476,                     -0.037461, 0.193824, 0.166891, 0.639285
4.564885, 0.003582, 1.035727,                     -0.039309, 0.197473, 0.159462, 0.643066
4.400654, 0.006152, 1.029358,                     -0.035510, 0.201760, 0.154484, 0.643756
4.247830, 0.008442, 1.016569,                     -0.025011, 0.206668, 0.147491, 0.645841
4.105263, 0.010894, 1.013688,                     -0.024581, 0.207881, 0.141468, 0.650651
3.971956, 0.014354, 1.008104,                     -0.022457, 0.210094, 0.137144, 0.652762
3.847034, 0.017361, 0.996825,                     -0.014186, 0.213541, 0.130808, 0.655650
3.729730, 0.020105, 0.992912,                     -0.013017, 0.214141, 0.124337, 0.661522
3.619368, 0.023831, 0.988271,                     -0.012102, 0.215391, 0.118682, 0.665927
3.515349, 0.027190, 0.978554,                     -0.005744, 0.217438, 0.111382, 0.671180
3.417143, 0.030031, 0.974240,                     -0.004272, 0.216348, 0.104268, 0.679384
3.324274, 0.033760, 0.970339,                     -0.004099, 0.214923, 0.098830, 0.686247
3.236320, 0.037272, 0.961965,                     0.000763, 0.213714, 0.093702, 0.692584
3.152900, 0.040118, 0.957532,                     0.002350, 0.209221, 0.090556, 0.700222
3.073672, 0.043717, 0.954188,                     0.002095, 0.203639, 0.090631, 0.705730
2.998329, 0.047251, 0.946965,                     0.005785, 0.197789, 0.092598, 0.709614
2.926591, 0.050042, 0.942568,                     0.007390, 0.188598, 0.097497, 0.713905
2.858205, 0.053434, 0.939671,                     0.006895, 0.177881, 0.105972, 0.716147
2.792942, 0.056893, 0.933446,                     0.009661, 0.167017, 0.116480, 0.716504
2.730594, 0.059585, 0.929200,                     0.011215, 0.153806, 0.129679, 0.716515
2.670968, 0.062722, 0.926683,                     0.010594, 0.139963, 0.145904, 0.714133
2.613890, 0.066031, 0.921349,                     0.012619, 0.127241, 0.163354, 0.709405
2.559201, 0.068586, 0.917339,                     0.014075, 0.114109, 0.182331, 0.703560
2.506754, 0.071436, 0.915173,                     0.013391, 0.101946, 0.203031, 0.695024
2.456413, 0.074536, 0.910648,                     0.014815, 0.092275, 0.223467, 0.684257
2.408054, 0.076921, 0.906939,                     0.016140, 0.083725, 0.243711, 0.672564
2.361562, 0.079463, 0.905108,                     0.015428, 0.077120, 0.264178, 0.658702
2.316832, 0.082309, 0.901334,                     0.016357, 0.073392, 0.283075, 0.643533
2.273764, 0.084495, 0.897983,                     0.017522, 0.071028, 0.300478, 0.628494
2.232269, 0.086716, 0.896479,                     0.016805, 0.070435, 0.317275, 0.612290
2.192261, 0.089270, 0.893409,                     0.017321, 0.072101, 0.332104, 0.595795
2.153661, 0.091233, 0.890453,                     0.018315, 0.074437, 0.345061, 0.580502
2.116398, 0.093123, 0.889284,                     0.017593, 0.077743, 0.357396, 0.564861
2.080402, 0.095358, 0.886875,                     0.017766, 0.082415, 0.368136, 0.549449
2.045610, 0.097077, 0.884348,                     0.018575, 0.086915, 0.377248, 0.535837
2.011963, 0.098633, 0.883516,                     0.017851, 0.091598, 0.386107, 0.522295
1.979404, 0.100528, 0.881740,                     0.017732, 0.096979, 0.394008, 0.509013
1.947883, 0.101984, 0.879661,                     0.018355, 0.101614, 0.400704, 0.497682
1.917349, 0.103204, 0.879172,                     0.017624, 0.105891, 0.407524, 0.486585
1.887759, 0.104744, 0.877994,                     0.017262, 0.110504, 0.413964, 0.475532
1.859067, 0.105922, 0.876383,                     0.017695, 0.114100, 0.419571, 0.466328
1.831235, 0.106807, 0.876238,                     0.016955, 0.117014, 0.425552, 0.457434
1.804224, 0.107983, 0.875635,                     0.016382, 0.120105, 0.431583, 0.448311
1.777998, 0.108870, 0.874495,                     0.016635, 0.122121, 0.437051, 0.440829
1.752524, 0.109423, 0.874696,                     0.015881, 0.123267, 0.443011, 0.433722
1.727769, 0.110229, 0.874638,                     0.015133, 0.124531, 0.449308, 0.426161
1.703704, 0.110816, 0.873977,                     0.015207, 0.124783, 0.455221, 0.419996
1.680300, 0.111040, 0.874524,                     0.014436, 0.124062, 0.461649, 0.414289
1.657530, 0.111477, 0.874980,                     0.013543, 0.123434, 0.468591, 0.407975
1.635369, 0.111756, 0.874792,                     0.013452, 0.121927, 0.475259, 0.402815
1.613793, 0.111658, 0.875679,                     0.012663, 0.119404, 0.482393, 0.398203
1.592779, 0.111726, 0.876624,                     0.011649, 0.116958, 0.490131, 0.392911
1.572305, 0.111693, 0.876899,                     0.011408, 0.113806, 0.497648, 0.388546
1.552351, 0.111280, 0.878118,                     0.010603, 0.109655, 0.505529, 0.384816
1.532897, 0.110987, 0.879517,                     0.009496, 0.105570, 0.514023, 0.380407
1.513924, 0.110639, 0.880242,                     0.009119, 0.100981, 0.522303, 0.376716
1.495415, 0.109919, 0.881777,                     0.008304, 0.095477, 0.530783, 0.373740
1.477354, 0.109274, 0.883599,                     0.007128, 0.090048, 0.539813, 0.370139
1.459723, 0.108614, 0.884754,                     0.006632, 0.084343, 0.548580, 0.367077
1.442509, 0.107597, 0.886591,                     0.005812, 0.077884, 0.557337, 0.364779
1.425695, 0.106612, 0.888796,                     0.004592, 0.071543, 0.566499, 0.361958
1.409269, 0.105645, 0.890353,                     0.004002, 0.065178, 0.575300, 0.359522
1.393218, 0.104345, 0.892463,                     0.003192, 0.058303, 0.583823, 0.357874
1.377528, 0.103038, 0.895011,                     0.001951, 0.051639, 0.592541, 0.355821
1.362187, 0.101773, 0.896939,                     0.001288, 0.045217, 0.600748, 0.354035
1.347184, 0.100204, 0.899297,                     0.000499, 0.038601, 0.608380, 0.353019
1.332508, 0.098594, 0.902139,                     -0.000734, 0.032340, 0.615948, 0.351713
1.318148, 0.097046, 0.904397,                     -0.001442, 0.026582, 0.622830, 0.350588
1.304095, 0.095227, 0.906968,                     -0.002195, 0.020986, 0.628842, 0.350172
1.290338, 0.093340, 0.910055,                     -0.003395, 0.015923, 0.634512, 0.349565
1.276868, 0.091527, 0.912596,                     -0.004123, 0.011584, 0.639344, 0.349072
1.263677, 0.089481, 0.915336,                     -0.004817, 0.007747, 0.643061, 0.349192
1.250755, 0.087346, 0.918611,                     -0.005957, 0.004621, 0.646202, 0.349177
1.238095, 0.085292, 0.921379,                     -0.006672, 0.002357, 0.648418, 0.349225
1.225689, 0.083047, 0.924242,                     -0.007288, 0.000858, 0.649374, 0.349768
1.213529, 0.080697, 0.927641,                     -0.008339, 0.000203, 0.649614, 0.350183
1.201608, 0.078435, 0.930580,                     -0.009015, 0.000431, 0.648945, 0.350624
1.189918, 0.076021, 0.933511,                     -0.009532, 0.001556, 0.647013, 0.351431
1.178454, 0.073498, 0.936965,                     -0.010463, 0.003584, 0.644343, 0.352074
1.167209, 0.071064, 0.940006,                     -0.011070, 0.006390, 0.640894, 0.352715
1.156176, 0.068520, 0.942943,                     -0.011463, 0.010079, 0.636311, 0.353611
1.145350, 0.065868, 0.946384,                     -0.012251, 0.014642, 0.631082, 0.354275
1.134725, 0.063305, 0.949454,                     -0.012759, 0.019786, 0.625301, 0.354913
1.124295, 0.060673, 0.952334,                     -0.013007, 0.025661, 0.618613, 0.355725
1.114055, 0.057943, 0.955682,                     -0.013625, 0.032322, 0.611446, 0.356231
1.104000, 0.055302, 0.958708,                     -0.014009, 0.039316, 0.603993, 0.356691
1.094125, 0.052631, 0.961462,                     -0.014094, 0.046803, 0.595910, 0.357287
1.084425, 0.049877, 0.964641,                     -0.014519, 0.054952, 0.587545, 0.357503
1.074895, 0.047214, 0.967541,                     -0.014754, 0.063193, 0.579152, 0.357655
1.065532, 0.044558, 0.970099,                     -0.014657, 0.071650, 0.570405, 0.357945
1.056330, 0.041840, 0.973031,                     -0.014871, 0.080645, 0.561558, 0.357797
1.047285, 0.039214, 0.975729,                     -0.014943, 0.089533, 0.552903, 0.357564
1.038395, 0.036631, 0.978018,                     -0.014649, 0.098367, 0.544129, 0.357504
1.029654, 0.034011, 0.980631,                     -0.014642, 0.107626, 0.535405, 0.356969
1.021059, 0.031487, 0.983047,                     -0.014534, 0.116645, 0.527032, 0.356323
1.012606, 0.029036, 0.985009,                     -0.014045, 0.125370, 0.518729, 0.355901
1.004292, 0.026579, 0.987225,                     -0.013804, 0.134426, 0.510577, 0.354997
0.996113, 0.024222, 0.989290,                     -0.013512, 0.143176, 0.502885, 0.353939
0.988067, 0.021965, 0.990860,                     -0.012825, 0.151433, 0.495396, 0.353171
0.980149, 0.019733, 0.992626,                     -0.012359, 0.159943, 0.488128, 0.351930
0.972358, 0.017608, 0.994275,                     -0.011883, 0.168137, 0.481374, 0.350489
0.964689, 0.015605, 0.995402,                     -0.011007, 0.175683, 0.474920, 0.349397
0.957140, 0.013659, 0.996661,                     -0.010319, 0.183411, 0.468723, 0.347866
0.949709, 0.011828, 0.997845,                     -0.009674, 0.190856, 0.463061, 0.346083
0.942392, 0.010137, 0.998491,                     -0.008628, 0.197539, 0.457765, 0.344696
0.935187, 0.008532, 0.999210,                     -0.007742, 0.204333, 0.452741, 0.342926
0.928091, 0.007053, 0.999886,                     -0.006939, 0.210904, 0.448258, 0.340837
0.921102, 0.005726, 1.000025,                     -0.005751, 0.216634, 0.444180, 0.339186
0.914218, 0.004511, 1.000176,                     -0.004687, 0.222400, 0.440381, 0.337219
0.907436, 0.003433, 1.000326,                     -0.003759, 0.228014, 0.437112, 0.334874
0.900753, 0.002513, 0.999943,                     -0.002456, 0.232739, 0.434276, 0.332984
0.894168, 0.001729, 0.999525,                     -0.001255, 0.237414, 0.431725, 0.330861
0.887679, 0.001090, 0.999140,                     -0.000230, 0.242014, 0.429686, 0.328300
0.881284, 0.000614, 0.998243,                     0.001143, 0.245699, 0.428102, 0.326199
0.874980, 0.000289, 0.997268,                     0.002443, 0.249242, 0.426806, 0.323952
0.868765, 0.000119, 0.996354,                     0.003527, 0.252776, 0.426006, 0.321219
0.862638, 0.000109, 0.994965,                     0.004926, 0.255391, 0.425678, 0.318930
0.856597, 0.000262, 0.993454,                     0.006284, 0.257762, 0.425647, 0.316591
0.850640, 0.000576, 0.992043,                     0.007382, 0.260176, 0.426096, 0.313728
0.844765, 0.001045, 0.990196,                     0.008759, 0.261686, 0.427035, 0.311279
0.838971, 0.001680, 0.988198,                     0.010122, 0.262841, 0.428281, 0.308877
0.833256, 0.002482, 0.986326,                     0.011192, 0.264074, 0.429997, 0.305929
0.827618, 0.003431, 0.984065,                     0.012504, 0.264431, 0.432220, 0.303349
0.822056, 0.004542, 0.981636,                     0.013822, 0.264317, 0.434769, 0.300914
0.816568, 0.005823, 0.979355,                     0.014823, 0.264295, 0.437777, 0.297928
0.811153, 0.007239, 0.976745,                     0.016016, 0.263436, 0.441309, 0.295255
0.805809, 0.008809, 0.973947,                     0.017244, 0.261992, 0.445187, 0.292820
0.800535, 0.010548, 0.971319,                     0.018134, 0.260630, 0.449518, 0.289852
0.795330, 0.012409, 0.968426,                     0.019166, 0.258480, 0.454387, 0.287133
0.790192, 0.014409, 0.965332,                     0.020259, 0.255637, 0.459622, 0.284741
0.785120, 0.016575, 0.962430,                     0.020995, 0.252845, 0.465298, 0.281857
0.780113, 0.018848, 0.959321,                     0.021831, 0.249325, 0.471525, 0.279150
0.775169, 0.021242, 0.956011,                     0.022746, 0.245016, 0.478129, 0.276856
0.770288, 0.023794, 0.952907,                     0.023300, 0.240711, 0.485155, 0.274134
0.765467, 0.026439, 0.949658,                     0.023903, 0.235748, 0.492729, 0.271523
0.760707, 0.029183, 0.946209,                     0.024608, 0.229924, 0.500681, 0.269395
0.756005, 0.032073, 0.942977,                     0.024949, 0.224051, 0.509022, 0.266928
0.751361, 0.035043, 0.939661,                     0.025296, 0.217605, 0.517879, 0.264516
0.746774, 0.038086, 0.936151,                     0.025763, 0.210265, 0.527092, 0.262643
0.742242, 0.041262, 0.932864,                     0.025874, 0.202827, 0.536630, 0.260543
0.737766, 0.044504, 0.929552,                     0.025944, 0.194926, 0.546619, 0.258454
0.733342, 0.047791, 0.926058,                     0.026151, 0.186153, 0.556902, 0.256944
0.728972, 0.051196, 0.922787,                     0.026017, 0.177260, 0.567405, 0.255336
0.724653, 0.054654, 0.919547,                     0.025799, 0.168046, 0.578241, 0.253713
0.720385, 0.058130, 0.916134,                     0.025736, 0.158056, 0.589255, 0.252689
0.716168, 0.061704, 0.912948,                     0.025349, 0.147973, 0.600324, 0.251703
0.711999, 0.065318, 0.909837,                     0.024844, 0.137758, 0.611544, 0.250699
0.707878, 0.068924, 0.906573,                     0.024503, 0.126956, 0.622761, 0.250283
0.703805, 0.072606, 0.903529,                     0.023865, 0.116157, 0.633805, 0.250037
0.699779, 0.076317, 0.900609,                     0.023074, 0.105471, 0.644746, 0.249783
0.695798, 0.079994, 0.897550,                     0.022456, 0.094483, 0.655440, 0.250077
0.691863, 0.083724, 0.894700,                     0.021577, 0.083680, 0.665673, 0.250647
0.687971, 0.087471, 0.892018,                     0.020511, 0.073280, 0.675492, 0.251227
0.684124, 0.091159, 0.889215,                     0.019626, 0.062949, 0.684772, 0.252279
0.680319, 0.094876, 0.886608,                     0.018516, 0.053056, 0.693282, 0.253662
0.676556, 0.098600, 0.884206,                     0.017194, 0.043880, 0.701045, 0.255075
0.672834, 0.102241, 0.881701,                     0.016058, 0.035178, 0.707982, 0.256840
0.669153, 0.105886, 0.879379,                     0.014735, 0.027206, 0.713864, 0.258930
0.665513, 0.109527, 0.877291,                     0.013182, 0.020230, 0.718720, 0.261049
0.661911, 0.113064, 0.875123,                     0.011813, 0.014100, 0.722523, 0.263376
0.658349, 0.116577, 0.873119,                     0.010303, 0.008966, 0.725082, 0.265953
0.654824, 0.120077, 0.871376,                     0.008547, 0.005011, 0.726447, 0.268543
0.651337, 0.123454, 0.869573,                     0.006973, 0.002158, 0.726662, 0.271180
0.647887, 0.126780, 0.867916,                     0.005303, 0.000472, 0.725593, 0.273935
0.644474, 0.130083, 0.866541,                     0.003376, 0.000007, 0.723318, 0.276675
0.641096, 0.133246, 0.865126,                     0.001629, 0.000727, 0.719958, 0.279315
0.637753, 0.136330, 0.863840,                     -0.000171, 0.002655, 0.715436, 0.281909
0.634445, 0.139380, 0.862849,                     -0.002229, 0.005691, 0.709852, 0.284458
0.631172, 0.142275, 0.861840,                     -0.004115, 0.009813, 0.703382, 0.286805
0.627931, 0.145066, 0.860943,                     -0.006009, 0.015056, 0.696006, 0.288938
0.624724, 0.147810, 0.860347,                     -0.008156, 0.021177, 0.687823, 0.291000
0.621550, 0.150388, 0.859757,                     -0.010145, 0.028144, 0.679041, 0.292816
0.618407, 0.152835, 0.859257,                     -0.012092, 0.036052, 0.669670, 0.294278
0.615297, 0.155222, 0.859066,                     -0.014287, 0.044555, 0.659795, 0.295650
0.612217, 0.157434, 0.858900,                     -0.016334, 0.053586, 0.649623, 0.296791
0.609168, 0.159490, 0.858806,                     -0.018296, 0.063340, 0.639181, 0.297479
0.606149, 0.161473, 0.859020,                     -0.020493, 0.073416, 0.628520, 0.298064
0.603160, 0.163274, 0.859278,                     -0.022552, 0.083687, 0.617832, 0.298481
0.600201, 0.164895, 0.859592,                     -0.024487, 0.094468, 0.607147, 0.298385
0.597270, 0.166430, 0.860209,                     -0.026639, 0.105348, 0.596478, 0.298174
0.594368, 0.167777, 0.860893,                     -0.028670, 0.116123, 0.585990, 0.297886
0.591494, 0.168923, 0.861608,                     -0.030531, 0.127223, 0.575708, 0.297069
0.588647, 0.169970, 0.862620,                     -0.032590, 0.138269, 0.565614, 0.296117
0.585828, 0.170826, 0.863715,                     -0.034541, 0.148965, 0.555845, 0.295190
0.583035, 0.171463, 0.864825,                     -0.036288, 0.159832, 0.546419, 0.293750
0.580270, 0.171986, 0.866217,                     -0.038203, 0.170563, 0.537295, 0.292142
0.577530, 0.172317, 0.867711,                     -0.040028, 0.180755, 0.528578, 0.290666
0.574816, 0.172416, 0.869202,                     -0.041618, 0.190997, 0.520291, 0.288712
0.572127, 0.172388, 0.870958,                     -0.043347, 0.201075, 0.512375, 0.286550
0.569464, 0.172170, 0.872828,                     -0.044998, 0.210482, 0.504905, 0.284612
0.566825, 0.171708, 0.874680,                     -0.046388, 0.219835, 0.497910, 0.282254
0.564210, 0.171108, 0.876776,                     -0.047884, 0.229038, 0.491321, 0.279641
0.561620, 0.170323, 0.878996,                     -0.049319, 0.237482, 0.485195, 0.277324
0.559053, 0.169287, 0.881182,                     -0.050469, 0.245779, 0.479562, 0.274659
0.556509, 0.168105, 0.883589,                     -0.051694, 0.253961, 0.474349, 0.271690
0.553989, 0.166744, 0.886128,                     -0.052872, 0.261335, 0.469597, 0.269068
0.551491, 0.165131, 0.888616,                     -0.053747, 0.268474, 0.465344, 0.266182
0.549016, 0.163367, 0.891294,                     -0.054661, 0.275540, 0.461516, 0.262943
0.546562, 0.161434, 0.894113,                     -0.055546, 0.281778, 0.458141, 0.260081
0.544131, 0.159254, 0.896862,                     -0.056116, 0.287689, 0.455262, 0.257049
0.541721, 0.156921, 0.899769,                     -0.056690, 0.293571, 0.452811, 0.253618
0.539333, 0.154433, 0.902819,                     -0.057252, 0.298623, 0.450803, 0.250574
0.536965, 0.151710, 0.905784,                     -0.057495, 0.303256, 0.449286, 0.247457
0.534618, 0.148836, 0.908874,                     -0.057711, 0.307892, 0.448200, 0.243908
0.532292, 0.145826, 0.912102,                     -0.057928, 0.311714, 0.447550, 0.240737
0.529985, 0.142598, 0.915230,                     -0.057828, 0.315017, 0.447389, 0.237594
0.527699, 0.139228, 0.918443,                     -0.057671, 0.318340, 0.447664, 0.233996
0.525432, 0.135744, 0.921791,                     -0.057535, 0.320874, 0.448372, 0.230754
0.523185, 0.132067, 0.925020,                     -0.057087, 0.322788, 0.449570, 0.227642
0.520956, 0.128264, 0.928294,                     -0.056557, 0.324720, 0.451216, 0.224065
0.518747, 0.124373, 0.931691,                     -0.056064, 0.325894, 0.453294, 0.220812
0.516556, 0.120320, 0.934958,                     -0.055278, 0.326347, 0.455866, 0.217787
0.514384, 0.116164, 0.938228,                     -0.054391, 0.326790, 0.458900, 0.214310
0.512230, 0.111950, 0.941603,                     -0.053553, 0.326515, 0.462373, 0.211112
0.510094, 0.107614, 0.944836,                     -0.052451, 0.325414, 0.466346, 0.208240
0.507975, 0.103202, 0.948026,                     -0.051228, 0.324258, 0.470794, 0.204948
0.505875, 0.098769, 0.951308,                     -0.050077, 0.322421, 0.475691, 0.201888
0.503791, 0.094258, 0.954432,                     -0.048690, 0.319666, 0.481092, 0.199242
0.501725, 0.089705, 0.957469,                     -0.047173, 0.316787, 0.486983, 0.196230
0.499675, 0.085171, 0.960577,                     -0.045748, 0.313270, 0.493326, 0.193405
0.497642, 0.080607, 0.963515,                     -0.044122, 0.308752, 0.500171, 0.191077
0.495626, 0.076042, 0.966327,                     -0.042369, 0.304031, 0.507512, 0.188457
0.493626, 0.071540, 0.969183,                     -0.040723, 0.298716, 0.515300, 0.185984
0.491642, 0.067059, 0.971865,                     -0.038924, 0.292343, 0.523577, 0.184080
0.489673, 0.062623, 0.974373,                     -0.036995, 0.285684, 0.532338, 0.181978
0.487721, 0.058293, 0.976906,                     -0.035198, 0.278488, 0.541522, 0.179990
0.485784, 0.054038, 0.979257,                     -0.033295, 0.270213, 0.551155, 0.178631
0.483862, 0.049874, 0.981402,                     -0.031276, 0.261582, 0.561229, 0.177188
0.481956, 0.045863, 0.983543,                     -0.029406, 0.252492, 0.571670, 0.175837
0.480064, 0.041978, 0.985501,                     -0.027479, 0.242360, 0.582482, 0.175158
0.478187, 0.038233, 0.987217,                     -0.025450, 0.231839, 0.593647, 0.174514
0.476325, 0.034683, 0.988909,                     -0.023592, 0.220974, 0.605075, 0.173951
0.474478, 0.031309, 0.990421,                     -0.021731, 0.209181, 0.616739, 0.174080
0.472644, 0.028122, 0.991662,                     -0.019784, 0.197032, 0.628612, 0.174356
0.470825, 0.025169, 0.992857,                     -0.018026, 0.184711, 0.640576, 0.174713
0.469020, 0.022436, 0.993882,                     -0.016318, 0.171677, 0.652574, 0.175749
0.467228, 0.019932, 0.994616,                     -0.014547, 0.158411, 0.664561, 0.177028
0.465450, 0.017696, 0.995283,                     -0.012979, 0.145216, 0.676404, 0.178380
0.463686, 0.015717, 0.995790,                     -0.011507, 0.131636, 0.688006, 0.180357
0.461935, 0.014000, 0.995996,                     -0.009996, 0.118061, 0.699311, 0.182628
0.460197, 0.012581, 0.996119,                     -0.008700, 0.104876, 0.710170, 0.184954
0.458472, 0.011444, 0.996100,                     -0.007544, 0.091733, 0.720467, 0.187800
0.456760, 0.010597, 0.995776,                     -0.006373, 0.078934, 0.730136, 0.190930
0.455060, 0.010065, 0.995361,                     -0.005426, 0.066895, 0.739036, 0.194069
0.453374, 0.009832, 0.994820,                     -0.004652, 0.055379, 0.747043, 0.197578
0.451700, 0.009905, 0.993979,                     -0.003884, 0.044608, 0.754105, 0.201287
0.450038, 0.010303, 0.993038,                     -0.003341, 0.034962, 0.760110, 0.204928
0.448388, 0.011004, 0.991999,                     -0.003002, 0.026293, 0.764952, 0.208755
0.446750, 0.012016, 0.990672,                     -0.002688, 0.018752, 0.768615, 0.212633
0.445124, 0.013352, 0.989241,                     -0.002592, 0.012616, 0.771041, 0.216343
0.443511, 0.014984, 0.987741,                     -0.002725, 0.007789, 0.772166, 0.220045
0.441908, 0.016921, 0.985973,                     -0.002894, 0.004363, 0.772022, 0.223614
0.440317, 0.019172, 0.984099,                     -0.003271, 0.002471, 0.770618, 0.226911
0.438738, 0.021701, 0.982186,                     -0.003887, 0.002019, 0.767942, 0.230039
0.437170, 0.024518, 0.980033,                     -0.004551, 0.003074, 0.764077, 0.232849
0.435613, 0.027629, 0.977776,                     -0.005405, 0.005606, 0.759096, 0.235298
0.434067, 0.030990, 0.975510,                     -0.006500, 0.009488, 0.753032, 0.237480
0.432532, 0.034612, 0.973037,                     -0.007649, 0.014801, 0.746002, 0.239198
0.431008, 0.038499, 0.970466,                     -0.008965, 0.021379, 0.738122, 0.240500
0.429495, 0.042602, 0.967918,                     -0.010521, 0.029034, 0.729456, 0.241510
0.427992, 0.046928, 0.965194,                     -0.012123, 0.037903, 0.720128, 0.241969
0.426500, 0.051486, 0.962381,                     -0.013867, 0.047736, 0.710275, 0.241989
0.425018, 0.056218, 0.959622,                     -0.015840, 0.058268, 0.699965, 0.241767
0.423546, 0.061129, 0.956727,                     -0.017855, 0.069721, 0.689311, 0.240967
0.422085, 0.066231, 0.953749,                     -0.019980, 0.081822, 0.678449, 0.239729
0.420633, 0.071462, 0.950854,                     -0.022315, 0.094219, 0.667437, 0.238344
0.419192, 0.076822, 0.947857,                     -0.024679, 0.107231, 0.656359, 0.236410
0.417760, 0.082331, 0.944792,                     -0.027123, 0.120616, 0.645336, 0.234048
0.416338, 0.087919, 0.941834,                     -0.029753, 0.133931, 0.634406, 0.231663
0.414926, 0.093585, 0.938813,                     -0.032398, 0.147580, 0.623627, 0.228793
0.413523, 0.099354, 0.935734,                     -0.035088, 0.161397, 0.613096, 0.225506
0.412130, 0.105152, 0.932784,                     -0.037936, 0.174847, 0.602838, 0.222315
0.410746, 0.110974, 0.929809,                     -0.040784, 0.188391, 0.592881, 0.218728
0.409371, 0.116853, 0.926786,                     -0.043639, 0.201973, 0.583296, 0.214731
0.408005, 0.122713, 0.923908,                     -0.046621, 0.214965, 0.574099, 0.210936
0.406649, 0.128542, 0.921043,                     -0.049585, 0.227853, 0.565295, 0.206852
0.405302, 0.134383, 0.918140,                     -0.052523, 0.240712, 0.556937, 0.202351
0.403963, 0.140159, 0.915395,                     -0.055554, 0.252831, 0.549036, 0.198133
0.402633, 0.145851, 0.912701,                     -0.058552, 0.264681, 0.541576, 0.193743
0.401312, 0.151509, 0.909977,                     -0.061486, 0.276478, 0.534600, 0.188922
0.400000, 0.157061, 0.907421,                     -0.064482, 0.287443, 0.528114, 0.184443
