Wavelength (μm), R (B), T (B), A (B), R (C), T (C), A (C)
18.000000, 0.940239, 0.000000,                     0.059761, 0.555810, 0.000000, 0.444190
12.461538, 0.812695, 0.000000,                     0.187305, 0.405381, 0.000000, 0.594618
9.529412, 0.674429, 0.000000,                     0.325571, 0.391788, 0.000000, 0.608212
7.714286, 0.812665, 0.000000,                     0.187335, 0.285786, 0.000000, 0.714214
6.480000, 0.862577, 0.000000,                     0.137423, 0.116705, 0.000000, 0.883295
5.586207, 0.938814, 0.000000,                     0.061186, 0.040242, 0.000000, 0.959758
4.909091, 0.949209, 0.000000,                     0.050791, 0.002099, 0.000000, 0.997901
4.378378, 0.916310, 0.000000,                     0.083690, 0.020292, 0.000000, 0.979708
3.951220, 0.864707, 0.000000,                     0.135293, 0.053745, 0.000000, 0.946255
3.600000, 0.792943, 0.000000,                     0.207057, 0.086825, 0.000000, 0.913175
3.306122, 0.711668, 0.000000,                     0.288332, 0.101660, 0.000000, 0.898340
3.056604, 0.700237, 0.000000,                     0.299763, 0.097794, 0.000000, 0.902206
2.842105, 0.677486, 0.000000,                     0.322514, 0.071314, 0.000000, 0.928686
2.655738, 0.662599, 0.000000,                     0.337401, 0.036738, 0.000000, 0.963262
2.492308, 0.656371, 0.000000,                     0.343629, 0.023229, 0.000000, 0.976771
2.347826, 0.656143, 0.000000,                     0.343857, 0.060816, 0.000000, 0.939184
2.219178, 0.659245, 0.000000,                     0.340755, 0.145367, 0.000000, 0.854633
2.103896, 0.663613, 0.000000,                     0.336387, 0.241571, 0.000000, 0.758428
2.000000, 0.667745, 0.000000,                     0.332254, 0.322223, 0.000000, 0.677776
1.905882, 0.670493, 0.000000,                     0.329507, 0.380009, 0.000000, 0.619991
1.820225, 0.670852, 0.000000,                     0.329148, 0.417040, 0.000000, 0.582960
1.741935, 0.667803, 0.000001,                     0.332197, 0.436582, 0.000000, 0.563418
1.670103, 0.660189, 0.000001,                     0.339810, 0.440222, 0.000000, 0.559777
1.603960, 0.646658, 0.000001,                     0.353342, 0.427499, 0.000001, 0.572500
1.542857, 0.625670, 0.000001,                     0.374329, 0.396641, 0.000001, 0.603358
1.486239, 0.595680, 0.000002,                     0.404319, 0.346799, 0.000001, 0.653200
1.433628, 0.555554, 0.000002,                     0.444444, 0.282428, 0.000002, 0.717570
1.384615, 0.505345, 0.000003,                     0.494652, 0.217439, 0.000002, 0.782558
1.338843, 0.447279, 0.000004,                     0.552717, 0.171472, 0.000003, 0.828525
1.296000, 0.386438, 0.000006,                     0.613557, 0.156531, 0.000004, 0.843465
1.255814, 0.330258, 0.000008,                     0.669735, 0.169216, 0.000004, 0.830779
1.218045, 0.286381, 0.000010,                     0.713608, 0.197486, 0.000005, 0.802509
1.182482, 0.259855, 0.000014,                     0.740131, 0.230220, 0.000006, 0.769773
1.148936, 0.251546, 0.000018,                     0.748436, 0.260609, 0.000008, 0.739383
1.117241, 0.258710, 0.000023,                     0.741267, 0.285194, 0.000010, 0.714796
1.087248, 0.276823, 0.000030,                     0.723148, 0.302139, 0.000014, 0.697847
1.058824, 0.301278, 0.000040,                     0.698682, 0.310015, 0.000020, 0.689965
1.031847, 0.328266, 0.000054,                     0.671680, 0.307011, 0.000030, 0.692958
1.006211, 0.354939, 0.000075,                     0.644986, 0.290503, 0.000048, 0.709449
0.981818, 0.379198, 0.000108,                     0.620694, 0.257121, 0.000080, 0.742799
0.958580, 0.399375, 0.000161,                     0.600464, 0.204144, 0.000139, 0.795717
0.936416, 0.413919, 0.000251,                     0.585829, 0.134066, 0.000245, 0.865689
0.915254, 0.421137, 0.000407,                     0.578456, 0.063091, 0.000424, 0.936485
0.895028, 0.418990, 0.000691,                     0.580319, 0.024321, 0.000686, 0.974993
0.875676, 0.405032, 0.001229,                     0.593739, 0.042021, 0.000980, 0.957000
0.857143, 0.376602, 0.002293,                     0.621105, 0.069278, 0.001229, 0.929493
0.839378, 0.331601, 0.004484,                     0.663915, 0.090111, 0.001949, 0.907940
0.822335, 0.270258, 0.009163,                     0.720579, 0.165154, 0.003483, 0.831363
0.805970, 0.198042, 0.019418,                     0.782541, 0.239920, 0.006238, 0.753842
0.790244, 0.128291, 0.042005,                     0.829703, 0.296416, 0.011962, 0.691622
0.775120, 0.079680, 0.089673,                     0.830647, 0.328334, 0.025336, 0.646331
0.760563, 0.061182, 0.175757,                     0.763061, 0.320930, 0.058044, 0.621026
0.746544, 0.053660, 0.282025,                     0.664315, 0.254556, 0.123545, 0.621898
0.733032, 0.037799, 0.348068,                     0.614133, 0.179596, 0.184590, 0.635814
0.720000, 0.028954, 0.358486,                     0.612561, 0.161241, 0.197078, 0.641682
0.707424, 0.035993, 0.347976,                     0.616031, 0.152962, 0.194147, 0.652891
0.695279, 0.048835, 0.339209,                     0.611956, 0.125759, 0.194629, 0.679612
0.683544, 0.057061, 0.336115,                     0.606824, 0.087445, 0.197740, 0.714815
0.672199, 0.058249, 0.335149,                     0.606603, 0.059291, 0.201908, 0.738801
0.661224, 0.056951, 0.332098,                     0.610950, 0.047602, 0.203561, 0.748837
0.650602, 0.058838, 0.325242,                     0.615921, 0.041368, 0.202668, 0.755963
0.640316, 0.064845, 0.316264,                     0.618890, 0.032940, 0.198222, 0.768838
0.630350, 0.070589, 0.308392,                     0.621019, 0.022469, 0.195446, 0.782085
0.620690, 0.070462, 0.303750,                     0.625789, 0.018262, 0.191910, 0.789828
0.611321, 0.062128, 0.302084,                     0.635789, 0.025128, 0.184351, 0.790520
0.602230, 0.048712, 0.301668,                     0.649620, 0.043283, 0.170264, 0.786453
0.593407, 0.037771, 0.299595,                     0.662634, 0.044847, 0.177115, 0.778038
0.584838, 0.038133, 0.291860,                     0.670007, 0.043061, 0.175863, 0.781076
0.576512, 0.052057, 0.279930,                     0.668013, 0.046688, 0.161483, 0.791829
0.568421, 0.074043, 0.267139,                     0.658819, 0.046646, 0.154109, 0.799245
0.560554, 0.094909, 0.255520,                     0.649571, 0.046551, 0.155073, 0.798376
0.552901, 0.106350, 0.246527,                     0.647122, 0.066549, 0.144922, 0.788529
0.545455, 0.107260, 0.241674,                     0.651067, 0.096520, 0.128818, 0.774662
0.538206, 0.099899, 0.240286,                     0.659815, 0.120781, 0.120263, 0.758956
0.531148, 0.090698, 0.240222,                     0.669080, 0.135326, 0.122614, 0.742060
0.524272, 0.087151, 0.238736,                     0.674114, 0.143790, 0.125875, 0.730335
0.517572, 0.092074, 0.234123,                     0.673803, 0.145572, 0.122603, 0.731824
0.511041, 0.103790, 0.227291,                     0.668919, 0.136437, 0.116871, 0.746692
0.504673, 0.114615, 0.219353,                     0.666032, 0.146135, 0.115234, 0.738632
0.498462, 0.114948, 0.211669,                     0.673383, 0.183377, 0.115022, 0.701601
0.492401, 0.100231, 0.202922,                     0.696847, 0.205840, 0.105593, 0.688567
0.486486, 0.076573, 0.194518,                     0.728908, 0.210743, 0.102256, 0.687001
0.480712, 0.054546, 0.186940,                     0.758515, 0.197092, 0.102491, 0.700417
0.475073, 0.044131, 0.180670,                     0.775199, 0.171976, 0.105095, 0.722930
0.469565, 0.049125, 0.176337,                     0.774537, 0.145733, 0.109051, 0.745215
0.464183, 0.064818, 0.174509,                     0.760673, 0.129533, 0.112695, 0.757773
0.458924, 0.079878, 0.175185,                     0.744937, 0.129467, 0.114801, 0.755732
0.453782, 0.081596, 0.177058,                     0.741346, 0.139783, 0.115242, 0.744975
0.448753, 0.064222, 0.176834,                     0.758943, 0.144486, 0.114694, 0.740821
0.443836, 0.037961, 0.169794,                     0.792246, 0.127571, 0.112876, 0.759553
0.439024, 0.026222, 0.153249,                     0.820529, 0.088529, 0.107533, 0.803938
0.434316, 0.042732, 0.130004,                     0.827264, 0.057790, 0.095557, 0.846653
0.429708, 0.075263, 0.105975,                     0.818762, 0.062989, 0.078922, 0.858089
0.425197, 0.098331, 0.085114,                     0.816555, 0.085895, 0.063833, 0.850272
0.420779, 0.093571, 0.068088,                     0.838340, 0.094450, 0.053432, 0.852118
0.416452, 0.061252, 0.053859,                     0.884889, 0.080601, 0.047418, 0.871980
0.412214, 0.023153, 0.041407,                     0.935439, 0.054381, 0.044082, 0.901537
0.408060, 0.009937, 0.030595,                     0.959469, 0.037189, 0.040491, 0.922321
0.403990, 0.035858, 0.021860,                     0.942282, 0.054745, 0.034396, 0.910859
0.400000, 0.089606, 0.015397,                     0.894997, 0.107299, 0.026781, 0.865920
