Wavelength (μm), R (B), T (B), A (B), R (C), T (C), A (C)
18.000000, 0.002897, 0.726921,                     0.270182, 0.002897, 0.726921, 0.270182
12.461538, 0.002904, 0.727119,                     0.269977, 0.002904, 0.727119, 0.269977
9.529412, 0.002907, 0.727263,                     0.269831, 0.002907, 0.727263, 0.269831
7.714286, 0.002906, 0.727393,                     0.269700, 0.002906, 0.727393, 0.269700
6.480000, 0.002904, 0.727523,                     0.269573, 0.002904, 0.727523, 0.269573
5.586207, 0.002901, 0.727656,                     0.269443, 0.002901, 0.727656, 0.269443
4.909091, 0.002896, 0.727797,                     0.269308, 0.002896, 0.727797, 0.269308
4.378378, 0.002889, 0.727947,                     0.269163, 0.002889, 0.727947, 0.269163
3.951220, 0.002882, 0.728109,                     0.269009, 0.002882, 0.728109, 0.269009
3.600000, 0.002873, 0.728280,                     0.268848, 0.002873, 0.728280, 0.268848
3.306122, 0.002863, 0.728465,                     0.268672, 0.002863, 0.728465, 0.268672
3.056604, 0.002852, 0.728657,                     0.268490, 0.002852, 0.728657, 0.268490
2.842105, 0.002841, 0.728864,                     0.268295, 0.002841, 0.728864, 0.268295
2.655738, 0.002829, 0.729083,                     0.268087, 0.002829, 0.729083, 0.268087
2.492308, 0.002817, 0.729313,                     0.267869, 0.002817, 0.729313, 0.267869
2.347826, 0.002805, 0.729557,                     0.267638, 0.002805, 0.729557, 0.267638
2.219178, 0.002794, 0.729812,                     0.267394, 0.002794, 0.729812, 0.267394
2.103896, 0.002782, 0.730080,                     0.267138, 0.002782, 0.730080, 0.267138
2.000000, 0.002771, 0.730360,                     0.266869, 0.002771, 0.730360, 0.266869
1.905882, 0.002760, 0.730654,                     0.266586, 0.002760, 0.730654, 0.266586
1.820225, 0.002750, 0.730958,                     0.266292, 0.002750, 0.730958, 0.266292
1.741935, 0.002741, 0.731278,                     0.265982, 0.002741, 0.731278, 0.265982
1.670103, 0.002732, 0.731608,                     0.265660, 0.002732, 0.731608, 0.265660
1.603960, 0.002723, 0.731952,                     0.265325, 0.002723, 0.731952, 0.265325
1.542857, 0.002715, 0.732306,                     0.264979, 0.002715, 0.732306, 0.264979
1.486239, 0.002707, 0.732676,                     0.264616, 0.002707, 0.732676, 0.264616
1.433628, 0.002700, 0.733057,                     0.264243, 0.002700, 0.733057, 0.264243
1.384615, 0.002693, 0.733453,                     0.263854, 0.002693, 0.733453, 0.263854
1.338843, 0.002687, 0.733861,                     0.263452, 0.002687, 0.733861, 0.263452
1.296000, 0.002681, 0.734284,                     0.263035, 0.002681, 0.734284, 0.263035
1.255814, 0.002677, 0.734715,                     0.262608, 0.002677, 0.734715, 0.262608
1.218045, 0.002673, 0.735164,                     0.262163, 0.002673, 0.735164, 0.262163
1.182482, 0.002670, 0.735624,                     0.261706, 0.002670, 0.735624, 0.261706
1.148936, 0.002669, 0.736099,                     0.261233, 0.002669, 0.736099, 0.261233
1.117241, 0.002669, 0.736583,                     0.260748, 0.002669, 0.736583, 0.260748
1.087248, 0.002671, 0.737080,                     0.260250, 0.002671, 0.737080, 0.260250
1.058824, 0.002674, 0.737588,                     0.259738, 0.002674, 0.737588, 0.259738
1.031847, 0.002679, 0.738107,                     0.259214, 0.002679, 0.738107, 0.259214
1.006211, 0.002686, 0.738639,                     0.258674, 0.002686, 0.738639, 0.258674
0.981818, 0.002695, 0.739179,                     0.258125, 0.002695, 0.739179, 0.258125
0.958580, 0.002706, 0.739729,                     0.257565, 0.002706, 0.739729, 0.257565
0.936416, 0.002719, 0.740289,                     0.256992, 0.002719, 0.740289, 0.256992
0.915254, 0.002733, 0.740857,                     0.256410, 0.002733, 0.740857, 0.256410
0.895028, 0.002749, 0.741433,                     0.255818, 0.002749, 0.741433, 0.255818
0.875676, 0.002766, 0.742018,                     0.255216, 0.002766, 0.742018, 0.255216
0.857143, 0.002784, 0.742610,                     0.254606, 0.002784, 0.742610, 0.254606
0.839378, 0.002804, 0.743213,                     0.253984, 0.002804, 0.743213, 0.253984
0.822335, 0.002824, 0.743822,                     0.253354, 0.002824, 0.743822, 0.253354
0.805970, 0.002846, 0.744440,                     0.252714, 0.002846, 0.744440, 0.252714
0.790244, 0.002869, 0.745063,                     0.252068, 0.002869, 0.745063, 0.252068
0.775120, 0.002893, 0.745695,                     0.251412, 0.002893, 0.745695, 0.251412
0.760563, 0.002919, 0.746333,                     0.250748, 0.002919, 0.746333, 0.250748
0.746544, 0.002945, 0.746980,                     0.250074, 0.002945, 0.746980, 0.250074
0.733032, 0.002974, 0.747632,                     0.249394, 0.002974, 0.747632, 0.249394
0.720000, 0.003003, 0.748289,                     0.248708, 0.003003, 0.748289, 0.248708
0.707424, 0.003035, 0.748951,                     0.248014, 0.003035, 0.748951, 0.248014
0.695279, 0.003068, 0.749620,                     0.247311, 0.003068, 0.749620, 0.247311
0.683544, 0.003103, 0.750291,                     0.246606, 0.003103, 0.750291, 0.246606
0.672199, 0.003140, 0.750969,                     0.245891, 0.003140, 0.750969, 0.245891
0.661224, 0.003178, 0.751647,                     0.245175, 0.003178, 0.751647, 0.245175
0.650602, 0.003217, 0.752332,                     0.244451, 0.003217, 0.752332, 0.244451
0.640316, 0.003258, 0.753020,                     0.243721, 0.003258, 0.753020, 0.243721
0.630350, 0.003300, 0.753713,                     0.242987, 0.003300, 0.753713, 0.242987
0.620690, 0.003343, 0.754408,                     0.242248, 0.003343, 0.754408, 0.242248
0.611321, 0.003387, 0.755110,                     0.241503, 0.003387, 0.755110, 0.241503
0.602230, 0.003432, 0.755816,                     0.240752, 0.003432, 0.755816, 0.240752
0.593407, 0.003477, 0.756526,                     0.239996, 0.003477, 0.756526, 0.239996
0.584838, 0.003523, 0.757241,                     0.239236, 0.003523, 0.757241, 0.239236
0.576512, 0.003570, 0.757962,                     0.238467, 0.003570, 0.757962, 0.238467
0.568421, 0.003618, 0.758684,                     0.237697, 0.003618, 0.758684, 0.237697
0.560554, 0.003668, 0.759413,                     0.236920, 0.003668, 0.759413, 0.236920
0.552901, 0.003719, 0.760144,                     0.236138, 0.003719, 0.760144, 0.236138
0.545455, 0.003771, 0.760880,                     0.235349, 0.003771, 0.760880, 0.235349
0.538206, 0.003826, 0.761615,                     0.234559, 0.003826, 0.761615, 0.234559
0.531148, 0.003883, 0.762354,                     0.233763, 0.003883, 0.762354, 0.233763
0.524272, 0.003943, 0.763094,                     0.232963, 0.003943, 0.763094, 0.232963
0.517572, 0.004006, 0.763830,                     0.232163, 0.004006, 0.763830, 0.232163
0.511041, 0.004073, 0.764569,                     0.231358, 0.004073, 0.764569, 0.231358
0.504673, 0.004143, 0.765308,                     0.230549, 0.004143, 0.765308, 0.230549
0.498462, 0.004217, 0.766045,                     0.229738, 0.004217, 0.766045, 0.229738
0.492401, 0.004295, 0.766779,                     0.228927, 0.004295, 0.766779, 0.228927
0.486486, 0.004377, 0.767512,                     0.228111, 0.004377, 0.767512, 0.228111
0.480712, 0.004463, 0.768247,                     0.227289, 0.004463, 0.768247, 0.227289
0.475073, 0.004555, 0.768980,                     0.226465, 0.004555, 0.768980, 0.226465
0.469565, 0.004651, 0.769711,                     0.225638, 0.004651, 0.769711, 0.225638
0.464183, 0.004753, 0.770443,                     0.224804, 0.004753, 0.770443, 0.224804
0.458924, 0.004861, 0.771173,                     0.223966, 0.004861, 0.771173, 0.223966
0.453782, 0.004976, 0.771901,                     0.223123, 0.004976, 0.771901, 0.223123
0.448753, 0.005098, 0.772630,                     0.222273, 0.005098, 0.772630, 0.222273
0.443836, 0.005228, 0.773353,                     0.221419, 0.005228, 0.773353, 0.221419
0.439024, 0.005367, 0.774075,                     0.220558, 0.005367, 0.774075, 0.220558
0.434316, 0.005517, 0.774797,                     0.219686, 0.005517, 0.774797, 0.219686
0.429708, 0.005678, 0.775509,                     0.218812, 0.005678, 0.775509, 0.218812
0.425197, 0.005852, 0.776216,                     0.217932, 0.005852, 0.776216, 0.217932
0.420779, 0.006040, 0.776920,                     0.217040, 0.006040, 0.776920, 0.217040
0.416452, 0.006242, 0.777616,                     0.216142, 0.006242, 0.777616, 0.216142
0.412214, 0.006461, 0.778306,                     0.215234, 0.006461, 0.778306, 0.215234
0.408060, 0.006696, 0.778989,                     0.214315, 0.006696, 0.778989, 0.214315
0.403990, 0.006950, 0.779666,                     0.213384, 0.006950, 0.779666, 0.213384
0.400000, 0.007224, 0.780339,                     0.212437, 0.007224, 0.780339, 0.212437
