Wavelength (μm), R (B), T (B), A (B), R (C), T (C), A (C)
18.000000, 0.124686, 0.441385,                     0.433930, 0.135530, 0.378611, 0.485859
12.461538, 0.175246, 0.361226,                     0.463529, 0.152409, 0.382991, 0.464599
9.529412, 0.108424, 0.456604,                     0.434972, 0.137080, 0.415910, 0.447011
7.714286, 0.064910, 0.616867,                     0.318223, 0.146459, 0.463326, 0.390215
6.480000, 0.043479, 0.719365,                     0.237156, 0.208399, 0.412646, 0.378955
5.586207, 0.024433, 0.779537,                     0.196030, 0.224138, 0.378513, 0.397349
4.909091, 0.027954, 0.824220,                     0.147826, 0.282251, 0.338509, 0.379240
4.378378, 0.042462, 0.816902,                     0.140636, 0.312191, 0.295941, 0.391869
3.951220, 0.056772, 0.803505,                     0.139723, 0.332876, 0.262571, 0.404552
3.600000, 0.068698, 0.783024,                     0.148278, 0.350890, 0.220298, 0.428812
3.306122, 0.068160, 0.761788,                     0.170051, 0.360981, 0.165350, 0.473669
3.056604, 0.073056, 0.774226,                     0.152718, 0.386282, 0.109173, 0.504546
2.842105, 0.075172, 0.773687,                     0.151141, 0.418786, 0.062244, 0.518969
2.655738, 0.073228, 0.772608,                     0.154163, 0.443470, 0.037874, 0.518656
2.492308, 0.068042, 0.772814,                     0.159145, 0.455063, 0.042939, 0.501998
2.347826, 0.060301, 0.774306,                     0.165392, 0.447259, 0.070771, 0.481970
2.219178, 0.050733, 0.776658,                     0.172610, 0.421976, 0.108448, 0.469576
2.103896, 0.040134, 0.779258,                     0.180607, 0.389565, 0.145838, 0.464597
2.000000, 0.029364, 0.781408,                     0.189228, 0.357344, 0.177625, 0.465031
1.905882, 0.019292, 0.782390,                     0.198318, 0.327910, 0.202964, 0.469126
1.820225, 0.010742, 0.781542,                     0.207716, 0.301152, 0.222846, 0.476002
1.741935, 0.004408, 0.778335,                     0.217257, 0.276179, 0.238331, 0.485490
1.670103, 0.000785, 0.772438,                     0.226777, 0.252363, 0.250225, 0.497412
1.603960, 0.000112, 0.763765,                     0.236122, 0.229458, 0.259197, 0.511346
1.542857, 0.002355, 0.752479,                     0.245166, 0.207433, 0.265821, 0.526746
1.486239, 0.007220, 0.738966,                     0.253814, 0.186357, 0.270578, 0.543065
1.433628, 0.014204, 0.723780,                     0.262015, 0.166338, 0.273857, 0.559805
1.384615, 0.022671, 0.707567,                     0.269762, 0.147496, 0.275967, 0.576536
1.338843, 0.031926, 0.690989,                     0.277085, 0.129942, 0.277159, 0.592899
1.296000, 0.041284, 0.674664,                     0.284053, 0.113764, 0.277633, 0.608603
1.255814, 0.050121, 0.659121,                     0.290758, 0.099020, 0.277555, 0.623426
1.218045, 0.057909, 0.644775,                     0.297315, 0.085732, 0.277061, 0.637207
1.182482, 0.064232, 0.631920,                     0.303848, 0.073887, 0.276267, 0.649847
1.148936, 0.068783, 0.620727,                     0.310490, 0.063438, 0.275268, 0.661293
1.117241, 0.071371, 0.611257,                     0.317372, 0.054313, 0.274145, 0.671542
1.087248, 0.071905, 0.603469,                     0.324626, 0.046416, 0.272960, 0.680625
1.058824, 0.070397, 0.597229,                     0.332374, 0.039637, 0.271761, 0.688602
1.031847, 0.066951, 0.592324,                     0.340724, 0.033860, 0.270582, 0.695558
1.006211, 0.061766, 0.588469,                     0.349765, 0.028965, 0.269444, 0.701591
0.981818, 0.055125, 0.585320,                     0.359555, 0.024837, 0.268352, 0.706811
0.958580, 0.047398, 0.582488,                     0.370114, 0.021367, 0.267302, 0.711332
0.936416, 0.039022, 0.579562,                     0.381416, 0.018457, 0.266274, 0.715269
0.915254, 0.030485, 0.576133,                     0.393383, 0.016024, 0.265242, 0.718734
0.895028, 0.022297, 0.571823,                     0.405880, 0.013995, 0.264169, 0.721836
0.875676, 0.014952, 0.566322,                     0.418726, 0.012314, 0.263013, 0.724673
0.857143, 0.008887, 0.559416,                     0.431697, 0.010936, 0.261729, 0.727335
0.839378, 0.004441, 0.551007,                     0.444551, 0.009828, 0.260271, 0.729901
0.822335, 0.001829, 0.541123,                     0.457048, 0.008966, 0.258594, 0.732439
0.805970, 0.001120, 0.529912,                     0.468968, 0.008336, 0.256661, 0.735003
0.790244, 0.002246, 0.517617,                     0.480138, 0.007924, 0.254441, 0.737635
0.775120, 0.005009, 0.504553,                     0.490437, 0.007723, 0.251914, 0.740363
0.760563, 0.009122, 0.491068,                     0.499809, 0.007722, 0.249073, 0.743205
0.746544, 0.014234, 0.477511,                     0.508255, 0.007909, 0.245922, 0.746169
0.733032, 0.019968, 0.464204,                     0.515828, 0.008270, 0.242478, 0.749252
0.720000, 0.025949, 0.451431,                     0.522620, 0.008784, 0.238769, 0.752448
0.707424, 0.031827, 0.439418,                     0.528756, 0.009425, 0.234831, 0.755743
0.695279, 0.037287, 0.428319,                     0.534395, 0.010166, 0.230709, 0.759125
0.683544, 0.042067, 0.418174,                     0.539759, 0.010972, 0.226450, 0.762578
0.672199, 0.045989, 0.408850,                     0.545161, 0.011809, 0.222101, 0.766090
0.661224, 0.048986, 0.400157,                     0.550857, 0.012639, 0.217712, 0.769648
0.650602, 0.051023, 0.392146,                     0.556831, 0.013427, 0.213329, 0.773245
0.640316, 0.052041, 0.384985,                     0.562973, 0.014134, 0.208995, 0.776870
0.630350, 0.052032, 0.378675,                     0.569293, 0.014728, 0.204754, 0.780518
0.620690, 0.051060, 0.373061,                     0.575879, 0.015175, 0.200641, 0.784184
0.611321, 0.049254, 0.367938,                     0.582808, 0.015448, 0.196685, 0.787867
0.602230, 0.046793, 0.363100,                     0.590107, 0.015527, 0.192897, 0.791575
0.593407, 0.043907, 0.358372,                     0.597721, 0.015404, 0.189272, 0.795324
0.584838, 0.040865, 0.353610,                     0.605524, 0.015084, 0.185781, 0.799135
0.576512, 0.037947, 0.348697,                     0.613356, 0.014588, 0.182382, 0.803030
0.568421, 0.035399, 0.343556,                     0.621045, 0.013957, 0.179017, 0.807026
0.560554, 0.033427, 0.338188,                     0.628385, 0.013256, 0.175623, 0.811121
0.552901, 0.032217, 0.332626,                     0.635157, 0.012579, 0.172141, 0.815280
0.545455, 0.031924, 0.326885,                     0.641191, 0.012040, 0.168546, 0.819415
0.538206, 0.032640, 0.320975,                     0.646384, 0.011756, 0.164900, 0.823344
0.531148, 0.034379, 0.314899,                     0.650722, 0.011871, 0.161468, 0.826661
0.524272, 0.037041, 0.308618,                     0.654341, 0.012512, 0.158797, 0.828691
0.517572, 0.040363, 0.302098,                     0.657538, 0.013110, 0.156855, 0.830035
0.511041, 0.043954, 0.295373,                     0.660673, 0.013853, 0.155259, 0.830887
0.504673, 0.047561, 0.288892,                     0.663548, 0.014576, 0.153243, 0.832182
0.498462, 0.052185, 0.284032,                     0.663783, 0.016805, 0.150626, 0.832569
0.492401, 0.056587, 0.278937,                     0.664476, 0.018881, 0.147590, 0.833529
0.486486, 0.060579, 0.274046,                     0.665375, 0.021406, 0.144421, 0.834174
0.480712, 0.064011, 0.269523,                     0.666465, 0.024571, 0.141163, 0.834267
0.475073, 0.066715, 0.265399,                     0.667886, 0.028425, 0.137843, 0.833732
0.469565, 0.068554, 0.261670,                     0.669776, 0.032975, 0.134485, 0.832539
0.464183, 0.069446, 0.258305,                     0.672249, 0.038200, 0.131115, 0.830685
0.458924, 0.069367, 0.255255,                     0.675378, 0.044056, 0.127757, 0.828187
0.453782, 0.068360, 0.252455,                     0.679186, 0.050485, 0.124435, 0.825080
0.448753, 0.066536, 0.249823,                     0.683641, 0.057409, 0.121174, 0.821417
0.443836, 0.064082, 0.247268,                     0.688650, 0.064745, 0.117996, 0.817259
0.439024, 0.061252, 0.244697,                     0.694051, 0.072398, 0.114922, 0.812680
0.434316, 0.058365, 0.242013,                     0.699622, 0.080272, 0.111970, 0.807759
0.429708, 0.055782, 0.239133,                     0.705085, 0.088270, 0.109152, 0.802578
0.425197, 0.053888, 0.235984,                     0.710128, 0.096299, 0.106480, 0.797221
0.420779, 0.053064, 0.232513,                     0.714423, 0.104270, 0.103960, 0.791770
0.416452, 0.053656, 0.228691,                     0.717653, 0.112101, 0.101595, 0.786304
0.412214, 0.055945, 0.224517,                     0.719539, 0.119719, 0.099386, 0.780895
0.408060, 0.060124, 0.220014,                     0.719861, 0.127063, 0.097328, 0.775609
0.403990, 0.066281, 0.215235,                     0.718484, 0.134082, 0.095417, 0.770501
0.400000, 0.074385, 0.210248,                     0.715367, 0.140739, 0.093643, 0.765618
