Wavelength (μm), R (B), T (B), A (B), R (C), T (C), A (C)
18.000000, 0.144577, 0.432269,                     0.423154, 0.091844, 0.466724, 0.441433
12.461538, 0.064534, 0.669138,                     0.266328, 0.083465, 0.520536, 0.395999
9.529412, 0.026461, 0.788544,                     0.184995, 0.127229, 0.481063, 0.391708
7.714286, 0.014393, 0.837019,                     0.148588, 0.177171, 0.413021, 0.409808
6.480000, 0.015256, 0.847783,                     0.136961, 0.217990, 0.351221, 0.430789
5.586207, 0.016975, 0.818543,                     0.164482, 0.219101, 0.313866, 0.467033
4.909091, 0.018646, 0.861572,                     0.119782, 0.243004, 0.287587, 0.469409
4.378378, 0.025272, 0.862542,                     0.112185, 0.254318, 0.265551, 0.480131
3.951220, 0.032595, 0.856626,                     0.110780, 0.260248, 0.250501, 0.489251
3.600000, 0.040683, 0.839526,                     0.119790, 0.263518, 0.239653, 0.496829
3.306122, 0.041550, 0.816560,                     0.141891, 0.259776, 0.229832, 0.510393
3.056604, 0.044318, 0.832376,                     0.123306, 0.258104, 0.232408, 0.509488
2.842105, 0.048693, 0.829933,                     0.121374, 0.257101, 0.235751, 0.507148
2.655738, 0.051959, 0.824115,                     0.123926, 0.255489, 0.241115, 0.503396
2.492308, 0.054236, 0.817671,                     0.128093, 0.253559, 0.248457, 0.497984
2.347826, 0.055706, 0.811203,                     0.133091, 0.251470, 0.257389, 0.491141
2.219178, 0.056558, 0.804853,                     0.138589, 0.249312, 0.267518, 0.483170
2.103896, 0.056993, 0.798595,                     0.144412, 0.247146, 0.278554, 0.474300
2.000000, 0.057216, 0.792324,                     0.150461, 0.245010, 0.290363, 0.464627
1.905882, 0.057424, 0.785889,                     0.156686, 0.242910, 0.302953, 0.454137
1.820225, 0.057800, 0.779123,                     0.163077, 0.240795, 0.316412, 0.442792
1.741935, 0.058495, 0.771861,                     0.169644, 0.238563, 0.330823, 0.430614
1.670103, 0.059619, 0.763963,                     0.176418, 0.236083, 0.346200, 0.417717
1.603960, 0.061236, 0.755327,                     0.183437, 0.233243, 0.362469, 0.404289
1.542857, 0.063359, 0.745903,                     0.190738, 0.229962, 0.379471, 0.390567
1.486239, 0.065945, 0.735697,                     0.198357, 0.226202, 0.396981, 0.376817
1.433628, 0.068908, 0.724774,                     0.206318, 0.221949, 0.414725, 0.363326
1.384615, 0.072119, 0.713251,                     0.214630, 0.217200, 0.432398, 0.350402
1.338843, 0.075421, 0.701288,                     0.223291, 0.211951, 0.449666, 0.338383
1.296000, 0.078643, 0.689072,                     0.232285, 0.206199, 0.466182, 0.327619
1.255814, 0.081609, 0.676808,                     0.241583, 0.199939, 0.481608, 0.318453
1.218045, 0.084150, 0.664699,                     0.251151, 0.193167, 0.495644, 0.311189
1.182482, 0.086116, 0.652935,                     0.260949, 0.185886, 0.508053, 0.306061
1.148936, 0.087380, 0.641684,                     0.270936, 0.178101, 0.518688, 0.303211
1.117241, 0.087843, 0.631083,                     0.281074, 0.169830, 0.527495, 0.302676
1.087248, 0.087438, 0.621233,                     0.291329, 0.161095, 0.534513, 0.304392
1.058824, 0.086131, 0.612198,                     0.301672, 0.151931, 0.539861, 0.308208
1.031847, 0.083917, 0.604000,                     0.312083, 0.142385, 0.543707, 0.313908
1.006211, 0.080824, 0.596628,                     0.322548, 0.132513, 0.546250, 0.321237
0.981818, 0.076910, 0.590030,                     0.333061, 0.122385, 0.547686, 0.329928
0.958580, 0.072258, 0.584123,                     0.343620, 0.112085, 0.548193, 0.339722
0.936416, 0.066979, 0.578793,                     0.354228, 0.101708, 0.547911, 0.350381
0.915254, 0.061207, 0.573900,                     0.364893, 0.091368, 0.546933, 0.361699
0.895028, 0.055095, 0.569285,                     0.375619, 0.081188, 0.545307, 0.373505
0.875676, 0.048812, 0.564776,                     0.386413, 0.071303, 0.543035, 0.385662
0.857143, 0.042534, 0.560193,                     0.397273, 0.061855, 0.540084, 0.398061
0.839378, 0.036442, 0.555361,                     0.408197, 0.052987, 0.536394, 0.410618
0.822335, 0.030709, 0.550121,                     0.419169, 0.044838, 0.531893, 0.423269
0.805970, 0.025494, 0.544336,                     0.430170, 0.037529, 0.526513, 0.435958
0.790244, 0.020929, 0.537898,                     0.441173, 0.031161, 0.520200, 0.448639
0.775120, 0.017116, 0.530744,                     0.452140, 0.025805, 0.512928, 0.461267
0.760563, 0.014118, 0.522849,                     0.463032, 0.021492, 0.504709, 0.473800
0.746544, 0.011957, 0.514235,                     0.473807, 0.018215, 0.495592, 0.486194
0.733032, 0.010613, 0.504962,                     0.484424, 0.015926, 0.485666, 0.498409
0.720000, 0.010028, 0.495125,                     0.494847, 0.014540, 0.475053, 0.510407
0.707424, 0.010109, 0.484846,                     0.505045, 0.013941, 0.463902, 0.522157
0.695279, 0.010740, 0.474262,                     0.514998, 0.013991, 0.452375, 0.533634
0.683544, 0.011788, 0.463515,                     0.524697, 0.014538, 0.440639, 0.544823
0.672199, 0.013112, 0.452748,                     0.534141, 0.015427, 0.428857, 0.555717
0.661224, 0.014570, 0.442092,                     0.543338, 0.016503, 0.417178, 0.566318
0.650602, 0.016029, 0.431670,                     0.552301, 0.017626, 0.405739, 0.576635
0.640316, 0.017363, 0.421591,                     0.561046, 0.018666, 0.394657, 0.586677
0.630350, 0.018461, 0.411951,                     0.569588, 0.019510, 0.384032, 0.596458
0.620690, 0.019228, 0.402820,                     0.577952, 0.020064, 0.373939, 0.605997
0.611321, 0.019592, 0.394233,                     0.586175, 0.020259, 0.364412, 0.615329
0.602230, 0.019508, 0.386166,                     0.594326, 0.020051, 0.355437, 0.624512
0.593407, 0.018967, 0.378535,                     0.602497, 0.019433, 0.346940, 0.633627
0.584838, 0.018001, 0.371193,                     0.610806, 0.018434, 0.338796, 0.642770
0.576512, 0.016680, 0.363934,                     0.619386, 0.017123, 0.330835, 0.652042
0.568421, 0.015129, 0.356484,                     0.628387, 0.015613, 0.322842, 0.661545
0.560554, 0.013548, 0.348489,                     0.637963, 0.014082, 0.314565, 0.671353
0.552901, 0.012286, 0.339549,                     0.648165, 0.012815, 0.305783, 0.681402
0.545455, 0.011981, 0.329757,                     0.658262, 0.012253, 0.296683, 0.691064
0.538206, 0.013312, 0.323146,                     0.663542, 0.012768, 0.289387, 0.697845
0.531148, 0.014001, 0.329601,                     0.656398, 0.013448, 0.288572, 0.697980
0.524272, 0.012151, 0.333786,                     0.654063, 0.012866, 0.289566, 0.697568
0.517572, 0.010538, 0.328572,                     0.660891, 0.011781, 0.285589, 0.702631
0.511041, 0.011044, 0.319843,                     0.669113, 0.012098, 0.278392, 0.709510
0.504673, 0.012828, 0.309876,                     0.677296, 0.013494, 0.269757, 0.716750
0.498462, 0.017756, 0.300815,                     0.681429, 0.017434, 0.261397, 0.721168
0.492401, 0.022013, 0.293712,                     0.684276, 0.021131, 0.254341, 0.724528
0.486486, 0.027160, 0.286225,                     0.686615, 0.025642, 0.247093, 0.727265
0.480712, 0.033494, 0.278554,                     0.687952, 0.031185, 0.239778, 0.729037
0.475073, 0.041046, 0.270773,                     0.688181, 0.037769, 0.232455, 0.729777
0.469565, 0.049761, 0.262948,                     0.687291, 0.045333, 0.225175, 0.729493
0.464183, 0.059524, 0.255148,                     0.685328, 0.053771, 0.217994, 0.728235
0.458924, 0.070179, 0.247449,                     0.682372, 0.062945, 0.210969, 0.726085
0.453782, 0.081544, 0.239926,                     0.678531, 0.072700, 0.204155, 0.723145
0.448753, 0.093418, 0.232651,                     0.673931, 0.082866, 0.197602, 0.719532
0.443836, 0.105600, 0.225688,                     0.668712, 0.093274, 0.191353, 0.715373
0.439024, 0.117890, 0.219093,                     0.663016, 0.103758, 0.185443, 0.710800
0.434316, 0.130101, 0.212907,                     0.656992, 0.114160, 0.179896, 0.705945
0.429708, 0.142058, 0.207159,                     0.650784, 0.124334, 0.174727, 0.700939
0.425197, 0.153602, 0.201864,                     0.644534, 0.134151, 0.169942, 0.695907
0.420779, 0.164593, 0.197030,                     0.638377, 0.143492, 0.165540, 0.690968
0.416452, 0.174907, 0.192650,                     0.632443, 0.152259, 0.161510, 0.686231
0.412214, 0.184437, 0.188710,                     0.626853, 0.160366, 0.157836, 0.681798
0.408060, 0.193094, 0.185188,                     0.621718, 0.167747, 0.154497, 0.677755
0.403990, 0.200809, 0.182054,                     0.617137, 0.174355, 0.151466, 0.674179
0.400000, 0.207535, 0.179266,                     0.613198, 0.180164, 0.148711, 0.671126
