Wavelength (μm), R (B), T (B), A (B), R (C), T (C), A (C)
18.000000, 0.083718, 0.356385,                     0.559897, 0.135530, 0.378611, 0.485859
12.461538, 0.124733, 0.288259,                     0.587007, 0.152409, 0.382991, 0.464599
9.529412, 0.094345, 0.312147,                     0.593509, 0.137080, 0.415910, 0.447011
7.714286, 0.044060, 0.474878,                     0.481061, 0.146459, 0.463326, 0.390215
6.480000, 0.029277, 0.555396,                     0.415326, 0.208399, 0.412646, 0.378955
5.586207, 0.013730, 0.615155,                     0.371115, 0.224138, 0.378513, 0.397349
4.909091, 0.018937, 0.645283,                     0.335780, 0.282251, 0.338509, 0.379240
4.378378, 0.031863, 0.633854,                     0.334283, 0.312191, 0.295941, 0.391869
3.951220, 0.043931, 0.619622,                     0.336447, 0.332876, 0.262571, 0.404552
3.600000, 0.053565, 0.601673,                     0.344762, 0.350890, 0.220298, 0.428812
3.306122, 0.053443, 0.584486,                     0.362071, 0.360981, 0.165350, 0.473669
3.056604, 0.057908, 0.593015,                     0.349078, 0.386282, 0.109173, 0.504546
2.842105, 0.059761, 0.592469,                     0.347769, 0.418786, 0.062244, 0.518969
2.655738, 0.058343, 0.591989,                     0.349668, 0.443470, 0.037874, 0.518656
2.492308, 0.054329, 0.592778,                     0.352893, 0.455063, 0.042939, 0.501998
2.347826, 0.048261, 0.594708,                     0.357031, 0.447259, 0.070771, 0.481970
2.219178, 0.040710, 0.597336,                     0.361954, 0.421976, 0.108448, 0.469576
2.103896, 0.032313, 0.600090,                     0.367597, 0.389565, 0.145838, 0.464597
2.000000, 0.023761, 0.602343,                     0.373896, 0.357344, 0.177625, 0.465031
1.905882, 0.015768, 0.603470,                     0.380762, 0.327910, 0.202964, 0.469126
1.820225, 0.009010, 0.602921,                     0.388069, 0.301152, 0.222846, 0.476002
1.741935, 0.004057, 0.600282,                     0.395661, 0.276179, 0.238331, 0.485490
1.670103, 0.001309, 0.595333,                     0.403359, 0.252363, 0.250225, 0.497412
1.603960, 0.000949, 0.588074,                     0.410977, 0.229458, 0.259197, 0.511346
1.542857, 0.002930, 0.578725,                     0.418345, 0.207433, 0.265821, 0.526746
1.486239, 0.006991, 0.567683,                     0.425326, 0.186357, 0.270578, 0.543065
1.433628, 0.012704, 0.555463,                     0.431833, 0.166338, 0.273857, 0.559805
1.384615, 0.019537, 0.542635,                     0.437828, 0.147496, 0.275967, 0.576536
1.338843, 0.026920, 0.529752,                     0.443328, 0.129942, 0.277159, 0.592899
1.296000, 0.034296, 0.517309,                     0.448396, 0.113764, 0.277633, 0.608603
1.255814, 0.041163, 0.505710,                     0.453127, 0.099020, 0.277555, 0.623426
1.218045, 0.047100, 0.495253,                     0.457647, 0.085732, 0.277061, 0.637207
1.182482, 0.051771, 0.486134,                     0.462095, 0.073887, 0.276267, 0.649847
1.148936, 0.054937, 0.478444,                     0.466620, 0.063438, 0.275268, 0.661293
1.117241, 0.056444, 0.472186,                     0.471370, 0.054313, 0.274145, 0.671542
1.087248, 0.056231, 0.467279,                     0.476489, 0.046416, 0.272960, 0.680625
1.058824, 0.054321, 0.463571,                     0.482108, 0.039637, 0.271761, 0.688602
1.031847, 0.050824, 0.460842,                     0.488334, 0.033860, 0.270582, 0.695558
1.006211, 0.045937, 0.458815,                     0.495249, 0.028965, 0.269444, 0.701591
0.981818, 0.039941, 0.457168,                     0.502892, 0.024837, 0.268352, 0.706811
0.958580, 0.033194, 0.455549,                     0.511257, 0.021367, 0.267302, 0.711332
0.936416, 0.026119, 0.453598,                     0.520284, 0.018457, 0.266274, 0.715269
0.915254, 0.019175, 0.450971,                     0.529854, 0.016024, 0.265242, 0.718734
0.895028, 0.012827, 0.447376,                     0.539797, 0.013995, 0.264169, 0.721836
0.875676, 0.007504, 0.442593,                     0.549903, 0.012314, 0.263013, 0.724673
0.857143, 0.003555, 0.436508,                     0.559937, 0.010936, 0.261729, 0.727335
0.839378, 0.001217, 0.429116,                     0.569667, 0.009828, 0.260271, 0.729901
0.822335, 0.000593, 0.420525,                     0.578882, 0.008966, 0.258594, 0.732439
0.805970, 0.001644, 0.410937,                     0.587419, 0.008336, 0.256661, 0.735003
0.790244, 0.004208, 0.400622,                     0.595169, 0.007924, 0.254441, 0.737635
0.775120, 0.008023, 0.389886,                     0.602090, 0.007723, 0.251914, 0.740363
0.760563, 0.012762, 0.379041,                     0.608197, 0.007722, 0.249073, 0.743205
0.746544, 0.018065, 0.368376,                     0.613559, 0.007909, 0.245922, 0.746169
0.733032, 0.023575, 0.358135,                     0.618290, 0.008270, 0.242478, 0.749252
0.720000, 0.028955, 0.348490,                     0.622555, 0.008784, 0.238769, 0.752448
0.707424, 0.033917, 0.339485,                     0.626597, 0.009425, 0.234831, 0.755743
0.695279, 0.038264, 0.330976,                     0.630759, 0.010166, 0.230709, 0.759125
0.683544, 0.041920, 0.322831,                     0.635249, 0.010972, 0.226450, 0.762578
0.672199, 0.044765, 0.315395,                     0.639839, 0.011809, 0.222101, 0.766090
0.661224, 0.046616, 0.309082,                     0.644302, 0.012639, 0.217712, 0.769648
0.650602, 0.047413, 0.303836,                     0.648751, 0.013427, 0.213329, 0.773245
0.640316, 0.047191, 0.299401,                     0.653408, 0.014134, 0.208995, 0.776870
0.630350, 0.046031, 0.295552,                     0.658417, 0.014728, 0.204754, 0.780518
0.620690, 0.044052, 0.292100,                     0.663848, 0.015175, 0.200641, 0.784184
0.611321, 0.041414, 0.288878,                     0.669709, 0.015448, 0.196685, 0.787867
0.602230, 0.038312, 0.285740,                     0.675948, 0.015527, 0.192897, 0.791575
0.593407, 0.034975, 0.282576,                     0.682449, 0.015404, 0.189272, 0.795324
0.584838, 0.031628, 0.279320,                     0.689052, 0.015084, 0.185781, 0.799135
0.576512, 0.028472, 0.275959,                     0.695570, 0.014588, 0.182382, 0.803030
0.568421, 0.025680, 0.272503,                     0.701817, 0.013957, 0.179017, 0.807026
0.560554, 0.023411, 0.268932,                     0.707657, 0.013256, 0.175623, 0.811121
0.552901, 0.021787, 0.265193,                     0.713020, 0.012579, 0.172141, 0.815280
0.545455, 0.020867, 0.261233,                     0.717900, 0.012040, 0.168546, 0.819415
0.538206, 0.020628, 0.256999,                     0.722374, 0.011756, 0.164900, 0.823344
0.531148, 0.020945, 0.252431,                     0.726624, 0.011871, 0.161468, 0.826661
0.524272, 0.021602, 0.247571,                     0.730827, 0.012512, 0.158797, 0.828691
0.517572, 0.022364, 0.242622,                     0.735014, 0.013110, 0.156855, 0.830035
0.511041, 0.023331, 0.238025,                     0.738644, 0.013853, 0.155259, 0.830887
0.504673, 0.024671, 0.233605,                     0.741724, 0.014576, 0.153243, 0.832182
0.498462, 0.027029, 0.231264,                     0.741706, 0.016805, 0.150626, 0.832569
0.492401, 0.028531, 0.228155,                     0.743315, 0.018881, 0.147590, 0.833529
0.486486, 0.029579, 0.225004,                     0.745417, 0.021406, 0.144421, 0.834174
0.480712, 0.030148, 0.222041,                     0.747811, 0.024571, 0.141163, 0.834267
0.475073, 0.030198, 0.219302,                     0.750499, 0.028425, 0.137843, 0.833732
0.469565, 0.029721, 0.216769,                     0.753510, 0.032975, 0.134485, 0.832539
0.464183, 0.028749, 0.214401,                     0.756850, 0.038200, 0.131115, 0.830685
0.458924, 0.027360, 0.212142,                     0.760499, 0.044056, 0.127757, 0.828187
0.453782, 0.025674, 0.209927,                     0.764399, 0.050485, 0.124435, 0.825080
0.448753, 0.023851, 0.207689,                     0.768461, 0.057409, 0.121174, 0.821417
0.443836, 0.022080, 0.205357,                     0.772563, 0.064745, 0.117996, 0.817259
0.439024, 0.020570, 0.202870,                     0.776560, 0.072398, 0.114922, 0.812680
0.434316, 0.019533, 0.200178,                     0.780288, 0.080272, 0.111970, 0.807759
0.429708, 0.019169, 0.197250,                     0.783581, 0.088270, 0.109152, 0.802578
0.425197, 0.019648, 0.194070,                     0.786282, 0.096299, 0.106480, 0.797221
0.420779, 0.021100, 0.190644,                     0.788256, 0.104270, 0.103960, 0.791770
0.416452, 0.023602, 0.186993,                     0.789405, 0.112101, 0.101595, 0.786304
0.412214, 0.027169, 0.183159,                     0.789672, 0.119719, 0.099386, 0.780895
0.408060, 0.031755, 0.179193,                     0.789052, 0.127063, 0.097328, 0.775609
0.403990, 0.037257, 0.175159,                     0.787584, 0.134082, 0.095417, 0.770501
0.400000, 0.043521, 0.171124,                     0.785356, 0.140739, 0.093643, 0.765618
