Wavelength (μm), R (B), T (B), A (B), R (C), T (C), A (C)
18.000000, 0.083718, 0.356385,                     0.559897, 0.082734, 0.482779, 0.434486
12.461538, 0.124733, 0.288259,                     0.587007, 0.191387, 0.337859, 0.470753
9.529412, 0.094345, 0.312147,                     0.593509, 0.128265, 0.445937, 0.425798
7.714286, 0.044060, 0.474878,                     0.481061, 0.156083, 0.452607, 0.391310
6.480000, 0.029277, 0.555396,                     0.415326, 0.217962, 0.406030, 0.376008
5.586207, 0.013730, 0.615155,                     0.371115, 0.221340, 0.384681, 0.393979
4.909091, 0.018937, 0.645283,                     0.335780, 0.267895, 0.364989, 0.367116
4.378378, 0.031863, 0.633854,                     0.334283, 0.292929, 0.335182, 0.371889
3.951220, 0.043931, 0.619622,                     0.336447, 0.304659, 0.309794, 0.385547
3.600000, 0.053565, 0.601673,                     0.344762, 0.308759, 0.279645, 0.411595
3.306122, 0.053443, 0.584486,                     0.362071, 0.298649, 0.241657, 0.459694
3.056604, 0.057908, 0.593015,                     0.349078, 0.286480, 0.224189, 0.489331
2.842105, 0.059761, 0.592469,                     0.347769, 0.256201, 0.240321, 0.503478
2.655738, 0.058343, 0.591989,                     0.349668, 0.213159, 0.296187, 0.490654
2.492308, 0.054329, 0.592778,                     0.352893, 0.168709, 0.373472, 0.457819
2.347826, 0.048261, 0.594708,                     0.357031, 0.130582, 0.450899, 0.418519
2.219178, 0.040710, 0.597336,                     0.361954, 0.099961, 0.516948, 0.383091
2.103896, 0.032313, 0.600090,                     0.367597, 0.075472, 0.569018, 0.355510
2.000000, 0.023761, 0.602343,                     0.373896, 0.056217, 0.608154, 0.335629
1.905882, 0.015768, 0.603470,                     0.380762, 0.042291, 0.635891, 0.321818
1.820225, 0.009010, 0.602921,                     0.388069, 0.034191, 0.653509, 0.312300
1.741935, 0.004057, 0.600282,                     0.395661, 0.032132, 0.662239, 0.305629
1.670103, 0.001309, 0.595333,                     0.403359, 0.035656, 0.663550, 0.300794
1.603960, 0.000949, 0.588074,                     0.410977, 0.043579, 0.659228, 0.297193
1.542857, 0.002930, 0.578725,                     0.418345, 0.054208, 0.651242, 0.294550
1.486239, 0.006991, 0.567683,                     0.425326, 0.065662, 0.641518, 0.292820
1.433628, 0.012704, 0.555463,                     0.431833, 0.076162, 0.631731, 0.292107
1.384615, 0.019537, 0.542635,                     0.437828, 0.084232, 0.623177, 0.292591
1.338843, 0.026920, 0.529752,                     0.443328, 0.088791, 0.616725, 0.294484
1.296000, 0.034296, 0.517309,                     0.448396, 0.089191, 0.612812, 0.297997
1.255814, 0.041163, 0.505710,                     0.453127, 0.085220, 0.611467, 0.303312
1.218045, 0.047100, 0.495253,                     0.457647, 0.077129, 0.612325, 0.310545
1.182482, 0.051771, 0.486134,                     0.462095, 0.065655, 0.614640, 0.319705
1.148936, 0.054937, 0.478444,                     0.466620, 0.052053, 0.617309, 0.330639
1.117241, 0.056444, 0.472186,                     0.471370, 0.038080, 0.618943, 0.342978
1.087248, 0.056231, 0.467279,                     0.476489, 0.025878, 0.618015, 0.356107
1.058824, 0.054321, 0.463571,                     0.482108, 0.017720, 0.613092, 0.369187
1.031847, 0.050824, 0.460842,                     0.488334, 0.015628, 0.603128, 0.381244
1.006211, 0.045937, 0.458815,                     0.495249, 0.020959, 0.587711, 0.391330
0.981818, 0.039941, 0.457168,                     0.502892, 0.034120, 0.567167, 0.398713
0.958580, 0.033194, 0.455549,                     0.511257, 0.054531, 0.542415, 0.403054
0.936416, 0.026119, 0.453598,                     0.520284, 0.080874, 0.514539, 0.404587
0.915254, 0.019175, 0.450971,                     0.529854, 0.111471, 0.483829, 0.404700
0.895028, 0.012827, 0.447376,                     0.539797, 0.144354, 0.446738, 0.408909
0.875676, 0.007504, 0.442593,                     0.549903, 0.175028, 0.385893, 0.439079
0.857143, 0.003555, 0.436508,                     0.559937, 0.175974, 0.323286, 0.500740
0.839378, 0.001217, 0.429116,                     0.569667, 0.171885, 0.342131, 0.485984
0.822335, 0.000593, 0.420525,                     0.578882, 0.193582, 0.352702, 0.453716
0.805970, 0.001644, 0.410937,                     0.587419, 0.212819, 0.351667, 0.435514
0.790244, 0.004208, 0.400622,                     0.595169, 0.225760, 0.348367, 0.425874
0.775120, 0.008023, 0.389886,                     0.602090, 0.232456, 0.345883, 0.421661
0.760563, 0.012762, 0.379041,                     0.608197, 0.233087, 0.345105, 0.421808
0.746544, 0.018065, 0.368376,                     0.613559, 0.227706, 0.346057, 0.426236
0.733032, 0.023575, 0.358135,                     0.618290, 0.216237, 0.348173, 0.435590
0.720000, 0.028955, 0.348490,                     0.622555, 0.198337, 0.350153, 0.451510
0.707424, 0.033917, 0.339485,                     0.626597, 0.172904, 0.349706, 0.477390
0.695279, 0.038264, 0.330976,                     0.630759, 0.137905, 0.345021, 0.517073
0.683544, 0.041920, 0.322831,                     0.635249, 0.097139, 0.341609, 0.561253
0.672199, 0.044765, 0.315395,                     0.639839, 0.066258, 0.344608, 0.589134
0.661224, 0.046616, 0.309082,                     0.644302, 0.047895, 0.344793, 0.607312
0.650602, 0.047413, 0.303836,                     0.648751, 0.035693, 0.340027, 0.624280
0.640316, 0.047191, 0.299401,                     0.653408, 0.026329, 0.330586, 0.643085
0.630350, 0.046031, 0.295552,                     0.658417, 0.018989, 0.325957, 0.655053
0.620690, 0.044052, 0.292100,                     0.663848, 0.016710, 0.321586, 0.661704
0.611321, 0.041414, 0.288878,                     0.669709, 0.021117, 0.314317, 0.664566
0.602230, 0.038312, 0.285740,                     0.675948, 0.032434, 0.303403, 0.664162
0.593407, 0.034975, 0.282576,                     0.682449, 0.049771, 0.289175, 0.661054
0.584838, 0.031628, 0.279320,                     0.689052, 0.071674, 0.272469, 0.655857
0.576512, 0.028472, 0.275959,                     0.695570, 0.096425, 0.254612, 0.648963
0.568421, 0.025680, 0.272503,                     0.701817, 0.121762, 0.237931, 0.640307
0.560554, 0.023411, 0.268932,                     0.707657, 0.144404, 0.226050, 0.629545
0.552901, 0.021787, 0.265193,                     0.713020, 0.161516, 0.221508, 0.616976
0.545455, 0.020867, 0.261233,                     0.717900, 0.174135, 0.221990, 0.603875
0.538206, 0.020628, 0.256999,                     0.722374, 0.185978, 0.223132, 0.590890
0.531148, 0.020945, 0.252431,                     0.726624, 0.198031, 0.222838, 0.579131
0.524272, 0.021602, 0.247571,                     0.730827, 0.208740, 0.220380, 0.570880
0.517572, 0.022364, 0.242622,                     0.735014, 0.217003, 0.215371, 0.567626
0.511041, 0.023331, 0.238025,                     0.738644, 0.218727, 0.205688, 0.575584
0.504673, 0.024671, 0.233605,                     0.741724, 0.200003, 0.194955, 0.605042
0.498462, 0.027029, 0.231264,                     0.741706, 0.176150, 0.215076, 0.608774
0.492401, 0.028531, 0.228155,                     0.743315, 0.179984, 0.214291, 0.605725
0.486486, 0.029579, 0.225004,                     0.745417, 0.183150, 0.216954, 0.599896
0.480712, 0.030148, 0.222041,                     0.747811, 0.182944, 0.219838, 0.597218
0.475073, 0.030198, 0.219302,                     0.750499, 0.180136, 0.222235, 0.597629
0.469565, 0.029721, 0.216769,                     0.753510, 0.175368, 0.224298, 0.600334
0.464183, 0.028749, 0.214401,                     0.756850, 0.169162, 0.226025, 0.604813
0.458924, 0.027360, 0.212142,                     0.760499, 0.161817, 0.227535, 0.610648
0.453782, 0.025674, 0.209927,                     0.764399, 0.153514, 0.229015, 0.617472
0.448753, 0.023851, 0.207689,                     0.768461, 0.144160, 0.230323, 0.625517
0.443836, 0.022080, 0.205357,                     0.772563, 0.133100, 0.231328, 0.635572
0.439024, 0.020570, 0.202870,                     0.776560, 0.120023, 0.231080, 0.648897
0.434316, 0.019533, 0.200178,                     0.780288, 0.109789, 0.227389, 0.662821
0.429708, 0.019169, 0.197250,                     0.783581, 0.102920, 0.220223, 0.676858
0.425197, 0.019648, 0.194070,                     0.786282, 0.096243, 0.210814, 0.692943
0.420779, 0.021100, 0.190644,                     0.788256, 0.087644, 0.202677, 0.709679
0.416452, 0.023602, 0.186993,                     0.789405, 0.086471, 0.196244, 0.717286
0.412214, 0.027169, 0.183159,                     0.789672, 0.096037, 0.191057, 0.712906
0.408060, 0.031755, 0.179193,                     0.789052, 0.112472, 0.185984, 0.701544
0.403990, 0.037257, 0.175159,                     0.787584, 0.133378, 0.180519, 0.686103
0.400000, 0.043521, 0.171124,                     0.785356, 0.158512, 0.174993, 0.666495
