Wavelength (μm), R (B), T (B), A (B), R (C), T (C), A (C)
18.000000, 0.637376, -0.000000,                     0.362625, 0.812197, -0.000000, 0.187803
12.461538, 0.562722, -0.000000,                     0.437278, 0.556015, -0.000000, 0.443985
9.529412, 0.457808, -0.000000,                     0.542192, 0.515915, -0.000000, 0.484085
7.714286, 0.539080, -0.000000,                     0.460920, 0.331328, -0.000000, 0.668672
6.480000, 0.564268, 0.000000,                     0.435732, 0.092111, 0.000000, 0.907889
5.586207, 0.594093, 0.000000,                     0.405907, 0.015312, 0.000000, 0.984688
4.909091, 0.579066, 0.000000,                     0.420934, 0.015647, 0.000000, 0.984353
4.378378, 0.537684, 0.000000,                     0.462316, 0.074139, 0.000000, 0.925861
3.951220, 0.492553, 0.000000,                     0.507447, 0.134778, 0.000000, 0.865222
3.600000, 0.445377, 0.000000,                     0.554623, 0.184344, 0.000000, 0.815656
3.306122, 0.402154, 0.000000,                     0.597845, 0.198135, 0.000000, 0.801865
3.056604, 0.421952, 0.000000,                     0.578048, 0.182291, 0.000000, 0.817709
2.842105, 0.435015, 0.000000,                     0.564985, 0.134730, 0.000000, 0.865270
2.655738, 0.450407, 0.000000,                     0.549593, 0.085787, 0.000000, 0.914213
2.492308, 0.466372, 0.000000,                     0.533628, 0.086804, 0.000000, 0.913196
2.347826, 0.480541, 0.000000,                     0.519459, 0.172324, 0.000000, 0.827676
2.219178, 0.491524, 0.000000,                     0.508476, 0.309947, 0.000000, 0.690053
2.103896, 0.498631, 0.000000,                     0.501369, 0.439064, 0.000000, 0.560936
2.000000, 0.501458, 0.000000,                     0.498542, 0.529870, 0.000000, 0.470130
1.905882, 0.499603, 0.000000,                     0.500396, 0.580418, 0.000000, 0.419582
1.820225, 0.492508, 0.000000,                     0.507492, 0.596170, 0.000000, 0.403830
1.741935, 0.479399, 0.000000,                     0.520601, 0.580768, 0.000000, 0.419231
1.670103, 0.459342, 0.000001,                     0.540657, 0.534964, 0.000001, 0.465036
1.603960, 0.431496, 0.000001,                     0.568503, 0.459828, 0.000001, 0.540171
1.542857, 0.395647, 0.000001,                     0.604352, 0.363927, 0.000001, 0.636072
1.486239, 0.353081, 0.000001,                     0.646917, 0.270810, 0.000002, 0.729188
1.433628, 0.307473, 0.000002,                     0.692525, 0.213029, 0.000003, 0.786968
1.384615, 0.264936, 0.000002,                     0.735062, 0.207652, 0.000003, 0.792345
1.338843, 0.232327, 0.000003,                     0.767670, 0.243340, 0.000004, 0.756656
1.296000, 0.214287, 0.000004,                     0.785709, 0.296303, 0.000004, 0.703692
1.255814, 0.211247, 0.000005,                     0.788748, 0.348259, 0.000005, 0.651736
1.218045, 0.219981, 0.000006,                     0.780013, 0.390063, 0.000006, 0.609930
1.182482, 0.235774, 0.000008,                     0.764218, 0.418187, 0.000008, 0.581805
1.148936, 0.254290, 0.000010,                     0.745700, 0.431174, 0.000011, 0.568815
1.117241, 0.272346, 0.000013,                     0.727641, 0.427549, 0.000016, 0.572436
1.087248, 0.287855, 0.000017,                     0.712127, 0.404930, 0.000023, 0.595047
1.058824, 0.299472, 0.000024,                     0.700504, 0.360179, 0.000036, 0.639785
1.031847, 0.306226, 0.000034,                     0.693740, 0.291274, 0.000058, 0.708668
1.006211, 0.307250, 0.000050,                     0.692700, 0.202785, 0.000095, 0.797120
0.981818, 0.301635, 0.000076,                     0.698289, 0.114745, 0.000154, 0.885101
0.958580, 0.288422, 0.000119,                     0.711459, 0.063660, 0.000236, 0.936104
0.936416, 0.266808, 0.000195,                     0.732996, 0.078119, 0.000339, 0.921543
0.915254, 0.236684, 0.000330,                     0.762986, 0.150022, 0.000460, 0.849518
0.895028, 0.199525, 0.000569,                     0.799906, 0.243745, 0.000606, 0.755649
0.875676, 0.159371, 0.001001,                     0.839629, 0.311058, 0.000770, 0.688172
0.857143, 0.122936, 0.001777,                     0.875287, 0.291748, 0.001000, 0.707252
0.839378, 0.097720, 0.003182,                     0.899097, 0.324745, 0.001815, 0.673440
0.822335, 0.088491, 0.005782,                     0.905727, 0.392077, 0.003433, 0.604490
0.805970, 0.094668, 0.010807,                     0.894525, 0.431094, 0.006874, 0.562033
0.790244, 0.110334, 0.021159,                     0.868508, 0.438106, 0.015298, 0.546596
0.775120, 0.124914, 0.043756,                     0.831330, 0.401681, 0.038274, 0.560044
0.760563, 0.121598, 0.092252,                     0.786151, 0.296797, 0.100368, 0.602835
0.746544, 0.085209, 0.171549,                     0.743242, 0.160369, 0.207632, 0.631999
0.733032, 0.044214, 0.231896,                     0.723890, 0.128747, 0.263501, 0.607753
0.720000, 0.034964, 0.240506,                     0.724530, 0.136538, 0.263315, 0.600147
0.707424, 0.038236, 0.233266,                     0.728497, 0.117299, 0.257628, 0.625074
0.695279, 0.036617, 0.230744,                     0.732638, 0.086056, 0.251784, 0.662159
0.683544, 0.029876, 0.232510,                     0.737614, 0.061795, 0.245018, 0.693187
0.672199, 0.023855, 0.233444,                     0.742701, 0.052393, 0.242458, 0.705149
0.661224, 0.022065, 0.230676,                     0.747260, 0.049863, 0.242248, 0.707889
0.650602, 0.022936, 0.225082,                     0.751981, 0.045460, 0.240481, 0.714059
0.640316, 0.022938, 0.219216,                     0.757846, 0.039285, 0.233974, 0.726742
0.630350, 0.020761, 0.214577,                     0.764662, 0.037141, 0.228748, 0.734111
0.620690, 0.018585, 0.210764,                     0.770651, 0.040966, 0.223007, 0.736026
0.611321, 0.020261, 0.206339,                     0.773400, 0.047083, 0.214507, 0.738410
0.602230, 0.028052, 0.200466,                     0.771482, 0.048033, 0.208655, 0.743313
0.593407, 0.040136, 0.192782,                     0.767082, 0.032748, 0.213148, 0.754104
0.584838, 0.051916, 0.184422,                     0.763662, 0.036933, 0.194511, 0.768556
0.576512, 0.058603, 0.177445,                     0.763952, 0.052203, 0.178075, 0.769721
0.568421, 0.057831, 0.172106,                     0.770063, 0.073137, 0.171920, 0.754944
0.560554, 0.050082, 0.167944,                     0.781975, 0.108705, 0.160387, 0.730909
0.552901, 0.040328, 0.165094,                     0.794577, 0.144242, 0.145010, 0.710748
0.545455, 0.033027, 0.162835,                     0.804137, 0.168898, 0.136580, 0.694522
0.538206, 0.030443, 0.160635,                     0.808922, 0.181130, 0.137387, 0.681483
0.531148, 0.031874, 0.158274,                     0.809852, 0.190235, 0.138423, 0.671342
0.524272, 0.034027, 0.156161,                     0.809812, 0.199076, 0.133493, 0.667431
0.517572, 0.033798, 0.154333,                     0.811869, 0.204111, 0.126044, 0.669846
0.511041, 0.029414, 0.152004,                     0.818582, 0.219257, 0.121648, 0.659094
0.504673, 0.021817, 0.147904,                     0.830279, 0.244714, 0.121117, 0.634169
0.498462, 0.015136, 0.141682,                     0.843182, 0.250997, 0.119181, 0.629822
0.492401, 0.013291, 0.133163,                     0.853546, 0.236072, 0.114286, 0.649642
0.486486, 0.017168, 0.124520,                     0.858312, 0.211197, 0.114690, 0.674113
0.480712, 0.023852, 0.117576,                     0.858572, 0.189355, 0.115476, 0.695169
0.475073, 0.028938, 0.113452,                     0.857610, 0.181511, 0.115407, 0.703082
0.469565, 0.028909, 0.112376,                     0.858715, 0.187442, 0.114950, 0.697608
0.464183, 0.022912, 0.113608,                     0.863480, 0.196916, 0.115058, 0.688027
0.458924, 0.014074, 0.115309,                     0.870617, 0.195402, 0.116679, 0.687920
0.453782, 0.009009, 0.114873,                     0.876118, 0.172759, 0.119689, 0.707552
0.448753, 0.013102, 0.110359,                     0.876540, 0.132538, 0.121740, 0.745721
0.443836, 0.024233, 0.102019,                     0.873748, 0.095681, 0.118940, 0.785379
0.439024, 0.033312, 0.091744,                     0.874944, 0.086119, 0.109163, 0.804718
0.434316, 0.032147, 0.080953,                     0.886900, 0.102571, 0.094474, 0.802955
0.429708, 0.021124, 0.069566,                     0.909310, 0.112671, 0.079130, 0.808198
0.425197, 0.011655, 0.056913,                     0.931431, 0.096397, 0.065612, 0.837991
0.420779, 0.017968, 0.043531,                     0.938501, 0.070194, 0.055091, 0.874715
0.416452, 0.041942, 0.031393,                     0.926664, 0.067858, 0.046603, 0.885538
0.412214, 0.071746, 0.022048,                     0.906205, 0.103955, 0.039090, 0.856955
0.408060, 0.094475, 0.015588,                     0.889936, 0.165351, 0.031975, 0.802674
0.403990, 0.103510, 0.011294,                     0.885196, 0.224402, 0.025569, 0.750029
0.400000, 0.098062, 0.008416,                     0.893523, 0.260970, 0.020479, 0.718550
