Wavelength (μm), R (B), T (B), A (B), R (C), T (C), A (C)
18.000000, 0.645186, -0.000000,                     0.354814, 0.830024, 0.000001, 0.169975
12.461538, 0.579816, -0.000000,                     0.420184, 0.611821, 0.000000, 0.388179
9.529412, 0.488530, -0.000000,                     0.511470, 0.576860, 0.000000, 0.423140
7.714286, 0.560457, 0.000000,                     0.439543, 0.408721, 0.000000, 0.591279
6.480000, 0.583430, 0.000000,                     0.416570, 0.157194, 0.000000, 0.842806
5.586207, 0.611993, 0.000000,                     0.388007, 0.046934, 0.000000, 0.953066
4.909091, 0.598698, 0.000000,                     0.401302, 0.001759, 0.000000, 0.998241
4.378378, 0.563435, 0.000000,                     0.436565, 0.038440, 0.000000, 0.961559
3.951220, 0.522569, 0.000000,                     0.477430, 0.093159, 0.000000, 0.906841
3.600000, 0.476474, 0.000000,                     0.523526, 0.143819, 0.000000, 0.856181
3.306122, 0.430840, 0.000000,                     0.569160, 0.163849, 0.000000, 0.836151
3.056604, 0.434932, 0.000000,                     0.565068, 0.153723, 0.000000, 0.846277
2.842105, 0.436338, 0.000000,                     0.563662, 0.110090, 0.000000, 0.889910
2.655738, 0.443857, 0.000000,                     0.556143, 0.058460, 0.000000, 0.941540
2.492308, 0.455698, 0.000000,                     0.544302, 0.044386, 0.000000, 0.955614
2.347826, 0.468806, 0.000000,                     0.531194, 0.108376, 0.000000, 0.891624
2.219178, 0.480959, 0.000000,                     0.519041, 0.236966, 0.000000, 0.763034
2.103896, 0.490873, 0.000000,                     0.509127, 0.375584, 0.000000, 0.624416
2.000000, 0.497869, 0.000000,                     0.502131, 0.486213, 0.000000, 0.513787
1.905882, 0.501549, 0.000000,                     0.498451, 0.560277, 0.000000, 0.439722
1.820225, 0.501570, 0.000000,                     0.498429, 0.601998, 0.000000, 0.398002
1.741935, 0.497505, 0.000000,                     0.502495, 0.616679, 0.000000, 0.383321
1.670103, 0.488765, 0.000000,                     0.511234, 0.607071, 0.000001, 0.392928
1.603960, 0.474598, 0.000001,                     0.525401, 0.573352, 0.000001, 0.426648
1.542857, 0.454160, 0.000001,                     0.545839, 0.514953, 0.000001, 0.485046
1.486239, 0.426746, 0.000001,                     0.573253, 0.434689, 0.000002, 0.565310
1.433628, 0.392240, 0.000002,                     0.607758, 0.344875, 0.000002, 0.655122
1.384615, 0.351789, 0.000002,                     0.648209, 0.269370, 0.000003, 0.730627
1.338843, 0.308451, 0.000003,                     0.691546, 0.231908, 0.000004, 0.768088
1.296000, 0.267228, 0.000004,                     0.732768, 0.238052, 0.000005, 0.761943
1.255814, 0.233879, 0.000006,                     0.766116, 0.273970, 0.000006, 0.726024
1.218045, 0.212755, 0.000007,                     0.787238, 0.320999, 0.000007, 0.678993
1.182482, 0.205099, 0.000010,                     0.794892, 0.366053, 0.000009, 0.633939
1.148936, 0.209029, 0.000012,                     0.790959, 0.402607, 0.000011, 0.597382
1.117241, 0.220936, 0.000016,                     0.779048, 0.427955, 0.000015, 0.572031
1.087248, 0.237035, 0.000021,                     0.762945, 0.440760, 0.000020, 0.559220
1.058824, 0.254243, 0.000027,                     0.745729, 0.439654, 0.000029, 0.560317
1.031847, 0.270384, 0.000037,                     0.729579, 0.422436, 0.000044, 0.577519
1.006211, 0.283997, 0.000052,                     0.715951, 0.385794, 0.000071, 0.614135
0.981818, 0.294067, 0.000076,                     0.705857, 0.325942, 0.000119, 0.673939
0.958580, 0.299768, 0.000116,                     0.700116, 0.241695, 0.000207, 0.758098
0.936416, 0.300275, 0.000183,                     0.699542, 0.142351, 0.000364, 0.857285
0.915254, 0.294656, 0.000302,                     0.705042, 0.058389, 0.000621, 0.940990
0.895028, 0.281865, 0.000520,                     0.717614, 0.035545, 0.000979, 0.963477
0.875676, 0.260939, 0.000938,                     0.738123, 0.084739, 0.001349, 0.913911
0.857143, 0.231546, 0.001762,                     0.766693, 0.111274, 0.001685, 0.887041
0.839378, 0.195045, 0.003436,                     0.801520, 0.164143, 0.002829, 0.833027
0.822335, 0.155867, 0.006900,                     0.837233, 0.272148, 0.004954, 0.722898
0.805970, 0.121930, 0.014132,                     0.863938, 0.363011, 0.008856, 0.628132
0.790244, 0.101721, 0.029212,                     0.869066, 0.425149, 0.017182, 0.557669
0.775120, 0.097058, 0.060014,                     0.842928, 0.452289, 0.037043, 0.510668
0.760563, 0.095475, 0.117523,                     0.787002, 0.423519, 0.086198, 0.490283
0.746544, 0.076109, 0.198377,                     0.725514, 0.316795, 0.182260, 0.500945
0.733032, 0.045344, 0.259174,                     0.695482, 0.217032, 0.263654, 0.519314
0.720000, 0.033274, 0.272411,                     0.694314, 0.195731, 0.276703, 0.527566
0.707424, 0.038671, 0.264350,                     0.696980, 0.180128, 0.272216, 0.547657
0.695279, 0.045290, 0.257692,                     0.697018, 0.139203, 0.272465, 0.588333
0.683544, 0.045813, 0.256570,                     0.697618, 0.089141, 0.276070, 0.634789
0.672199, 0.041708, 0.257574,                     0.700718, 0.057619, 0.280252, 0.662129
0.661224, 0.037944, 0.256602,                     0.705453, 0.046282, 0.280187, 0.673531
0.650602, 0.037587, 0.252135,                     0.710278, 0.039729, 0.277193, 0.683078
0.640316, 0.039194, 0.245967,                     0.714839, 0.029820, 0.270625, 0.699554
0.630350, 0.038928, 0.240953,                     0.720119, 0.020719, 0.265965, 0.713316
0.620690, 0.034272, 0.238552,                     0.727176, 0.022256, 0.258569, 0.719175
0.611321, 0.026189, 0.238025,                     0.735786, 0.037592, 0.245431, 0.716977
0.602230, 0.018958, 0.237415,                     0.743627, 0.061438, 0.227869, 0.710694
0.593407, 0.017647, 0.234103,                     0.748250, 0.060198, 0.240258, 0.699544
0.584838, 0.024617, 0.226083,                     0.749300, 0.060075, 0.233726, 0.706199
0.576512, 0.037168, 0.215930,                     0.746902, 0.066394, 0.213928, 0.719678
0.568421, 0.049734, 0.206355,                     0.743911, 0.066449, 0.208421, 0.725130
0.560554, 0.056503, 0.198368,                     0.745129, 0.075998, 0.206239, 0.717763
0.552901, 0.055313, 0.193255,                     0.751432, 0.110428, 0.187954, 0.701618
0.545455, 0.049122, 0.191427,                     0.759450, 0.148633, 0.166683, 0.684684
0.538206, 0.040767, 0.191340,                     0.767893, 0.176818, 0.158778, 0.664405
0.531148, 0.034635, 0.191114,                     0.774251, 0.194982, 0.162477, 0.642541
0.524272, 0.033266, 0.189250,                     0.777484, 0.204962, 0.164453, 0.630585
0.517572, 0.035913, 0.185992,                     0.778095, 0.202281, 0.158039, 0.639681
0.511041, 0.039981, 0.182043,                     0.777976, 0.183886, 0.151487, 0.664627
0.504673, 0.040474, 0.177656,                     0.781870, 0.199857, 0.151078, 0.649065
0.498462, 0.034595, 0.173450,                     0.791955, 0.245560, 0.148953, 0.605487
0.492401, 0.023358, 0.167165,                     0.809477, 0.270443, 0.138145, 0.591412
0.486486, 0.012607, 0.159498,                     0.827895, 0.269657, 0.135476, 0.594867
0.480712, 0.007729, 0.151311,                     0.840960, 0.246037, 0.136742, 0.617221
0.475073, 0.010522, 0.144045,                     0.845433, 0.210427, 0.140514, 0.649059
0.469565, 0.018362, 0.139230,                     0.842408, 0.176186, 0.145504, 0.678310
0.464183, 0.025960, 0.137868,                     0.836172, 0.157339, 0.149767, 0.692894
0.458924, 0.027959, 0.139892,                     0.832149, 0.159430, 0.152087, 0.688483
0.453782, 0.021804, 0.143411,                     0.834786, 0.171541, 0.152782, 0.675677
0.448753, 0.011258, 0.144062,                     0.844680, 0.171721, 0.152546, 0.675733
0.443836, 0.006907, 0.136679,                     0.856415, 0.141719, 0.150160, 0.708121
0.439024, 0.016590, 0.120478,                     0.862932, 0.090381, 0.141539, 0.768080
0.434316, 0.034756, 0.100614,                     0.864630, 0.064063, 0.123621, 0.812316
0.429708, 0.047933, 0.082512,                     0.869555, 0.082740, 0.101064, 0.816196
0.425197, 0.046338, 0.067950,                     0.885712, 0.111409, 0.081831, 0.806760
0.420779, 0.029707, 0.055917,                     0.914376, 0.116057, 0.069143, 0.814800
0.416452, 0.010154, 0.044709,                     0.945137, 0.096652, 0.062239, 0.841109
0.412214, 0.007340, 0.033731,                     0.958929, 0.070375, 0.057907, 0.871718
0.408060, 0.030415, 0.023970,                     0.945615, 0.067685, 0.052054, 0.880261
0.403990, 0.069352, 0.016501,                     0.914147, 0.117224, 0.042814, 0.839963
0.400000, 0.108330, 0.011372,                     0.880298, 0.201722, 0.032692, 0.765586
